16 16 30
1 15 6 0 12 -1 12 8 -12 4 -2 2 -6 11 7 -20
7 -15 14 -12 19 -10 16 -1 -16 -16 15 -19 -2 -5 -14 6
-3 -15 -11 -3 3 0 6 6 5 -16 2 -3 -4 18 11 -11
-16 -9 18 9 10 19 3 17 -16 19 -4 7 7 1 -15 -7
2 -13 -19 11 6 17 17 3 19 3 -8 18 -10 -4 14 15
-10 9 9 19 -8 8 12 -5 -1 9 -15 16 17 -13 19 -13
-9 20 19 9 -16 8 -8 -5 20 5 11 1 1 10 -3 9
-20 -5 18 7 15 15 14 -12 -13 -5 -16 -19 1 -19 -1 17
-7 15 7 8 11 6 2 -7 -3 10 6 -4 -17 4 19 -13
14 20 -12 -16 4 -18 -6 19 -6 4 17 -20 -16 -12 15 -1
6 -6 19 -17 7 -5 4 -12 18 8 19 5 7 -15 -9 -2
-20 -12 15 19 -18 -9 -4 18 1 18 3 3 17 -18 7 -20
-17 17 -20 13 -11 -19 17 -10 -4 -10 -14 19 -18 -9 -7 -11
-7 -7 7 -1 4 5 5 -19 -20 19 10 -6 -7 2 16 -3
0 -5 -1 -11 6 19 0 -20 14 20 -4 -3 -5 3 19 14
-20 5 -7 -11 10 -12 13 -18 -10 -11 7 14 3 13 3 -16
