80 80 75
-28 -45 -16 12 -39 -43 -27 40 49 45 43 -2 31 23 34 12 -1 1 -33 35 24 26 1 1 -17 -32 -39 -24 -15 48 26 28 -31 -18 -15 -34 4 31 33 -45 48 -18 11 -20 -42 25 49 46 -43 38 -37 -35 24 -23 -26 15 31 -28 13 -4 -14 -5 -5 -43 -24 -39 42 -44 -22 -17 -21 -44 34 46 7 -9 -43 16 43 -26
-21 27 46 20 -22 -49 24 -28 -4 -31 14 -9 -37 -7 23 16 -49 46 -34 -3 -14 -45 -45 1 34 43 37 -30 -39 14 47 16 23 -14 -8 -25 46 7 40 19 -28 -49 -30 29 -25 -3 -8 28 -41 -16 2 38 -49 -31 -5 -9 -23 -34 -38 39 20 -16 44 -12 -3 15 -17 -10 -38 -4 2 -13 -32 40 3 -17 18 -44 15 8
-49 -27 -34 0 -17 50 16 49 29 50 6 -15 7 1 24 3 45 15 15 1 -6 50 19 15 -26 11 36 -28 0 11 -10 31 31 -26 -10 27 46 -12 -30 -6 -31 -30 -9 -6 22 14 46 -2 25 -43 40 -27 18 33 -24 -4 -20 12 5 18 -1 38 46 17 44 -32 -9 46 29 41 33 30 2 -10 -30 -42 23 -3 -42 32
-26 -17 13 -20 36 -27 -48 -26 -30 49 -6 -44 7 49 -1 -10 -26 45 -38 49 -9 -19 31 40 33 -1 27 12 47 43 -7 38 -21 35 49 6 9 -34 -50 -18 32 -18 15 50 -46 -41 37 35 9 12 -3 26 -37 -22 0 29 17 2 16 44 46 -34 -40 -7 -27 27 -24 -26 -10 -46 10 -19 29 -41 -34 -7 -31 -47 -5 -35
28 32 1 -24 -46 6 -29 -23 13 -27 -48 47 41 1 -4 -34 -10 -17 27 -40 35 15 -49 11 45 26 -37 -1 20 -23 33 16 -33 -50 30 -19 20 4 -34 9 1 -13 -49 17 -22 34 -4 -3 48 4 -13 7 23 19 31 -33 -16 43 -20 -31 -24 39 46 -34 -11 5 -50 47 -35 16 -25 -5 21 -10 44 42 30 -31 0 -39
20 -15 7 28 -40 29 -16 10 23 41 48 -35 0 13 11 -3 -43 -34 48 -41 -4 -35 26 10 19 41 -38 33 25 20 21 -7 16 -49 35 -16 -35 -15 -14 28 3 -37 -45 40 0 36 -16 -5 41 -1 49 19 -11 -30 36 -13 -41 13 42 -27 19 35 -30 27 -50 30 -8 38 28 22 33 -14 -14 -43 -47 14 -24 -34 -42 48
-2 5 -47 -26 -44 36 -6 -6 -17 -7 44 -32 -11 -6 10 47 29 -28 0 45 -41 -22 14 38 22 -6 34 48 -13 -31 -36 32 -21 -13 -49 31 13 -36 -19 28 -5 -17 20 18 32 20 39 39 47 -12 30 27 45 -41 1 -19 -6 17 21 -1 19 -28 -46 44 -17 -40 4 -13 -46 34 0 -41 -28 -46 38 34 21 -24 -23 49
48 -43 18 -10 -8 18 44 -22 50 12 23 -10 11 -30 -25 -34 -1 2 29 -2 -10 15 4 23 -27 -22 21 -48 -26 -31 29 13 35 -37 21 8 -34 0 -28 -10 -32 -50 -20 42 -2 -25 42 0 20 -33 47 -31 10 29 14 11 0 -46 -47 -8 20 36 -14 25 35 12 25 49 17 -14 -46 -18 -23 47 -37 12 -40 8 -29 35
30 16 -6 -41 19 18 32 4 5 39 20 8 -29 6 27 28 -23 -32 1 -11 -42 -50 -5 10 -47 -45 29 -16 -28 -48 42 7 3 -38 -49 -32 35 29 -37 -11 -13 46 -37 -32 -19 48 50 8 -48 -31 11 -8 -35 45 -23 -12 -39 -37 19 23 -36 14 -14 26 20 6 -29 -27 -3 33 -30 -35 -7 -29 -1 -37 -29 19 45 28
16 7 -15 -16 6 27 10 -9 29 -49 -5 -39 -21 4 -46 -23 -50 49 -48 -33 34 4 -36 -31 3 15 32 24 -25 -31 -14 23 -5 -11 1 34 -9 -23 50 27 48 48 -25 -45 -44 13 30 -37 -44 -42 -37 34 25 -46 36 38 4 -13 36 49 -46 -14 -18 49 -45 -7 8 30 30 -20 21 -37 40 48 34 1 -21 -35 -11 -11
47 7 19 15 20 -27 -1 23 14 16 -12 -29 -17 -10 10 -40 -7 9 43 -10 27 1 -15 -18 49 -37 -50 19 -34 -21 35 7 34 -7 50 1 -48 0 -25 27 27 -6 26 42 -30 -4 -6 49 24 -14 -30 -46 -28 39 -2 45 21 -38 19 -5 -49 23 3 13 -36 -15 -14 -18 12 9 41 -18 45 -23 42 -14 -26 9 -16 32
40 -14 -42 45 25 43 -20 -16 -4 -3 -25 45 40 39 12 -34 -9 39 32 -45 -31 9 19 -49 29 -11 -12 17 45 -29 24 6 40 43 21 -50 -45 40 3 -35 -40 -50 45 -27 1 -33 17 26 44 6 35 30 9 16 16 31 4 -47 -23 24 -13 -40 21 40 10 2 -3 0 -40 -37 6 -28 4 -43 26 0 -8 23 -5 0
-32 29 47 26 -17 -47 -28 19 -31 36 -36 -48 36 -43 -20 -22 31 24 18 33 -37 -31 20 32 -6 -14 44 24 -35 -14 -26 -3 46 31 45 15 29 22 -3 -26 18 32 -10 -42 36 12 42 -4 42 -31 27 39 1 4 -44 21 -39 -14 29 -29 14 -44 -6 -25 6 37 -3 37 38 -28 -8 3 2 33 28 -7 -42 20 -33 45
-40 -16 -17 -50 20 -36 -48 30 -33 9 -33 35 2 14 42 6 -33 -16 -15 -45 28 33 -47 11 8 19 23 47 -44 28 -43 -8 -35 -30 49 -36 7 25 -9 27 -20 -9 50 -43 -9 -43 42 -49 -2 -5 6 4 -14 39 -1 10 -28 -2 21 -10 29 -41 -8 7 12 -14 44 -24 -36 -47 28 9 -42 10 34 -18 38 8 -26 21
-31 24 2 -34 25 -24 15 -42 32 35 28 20 -35 33 -11 -50 -26 19 -11 17 3 9 -39 7 -49 15 29 2 -44 -36 37 39 30 20 32 23 -29 -21 -50 15 4 19 -38 44 -41 44 -12 44 48 -1 -22 45 -37 -13 7 -33 12 -30 -48 -34 -13 33 -6 -24 -9 20 -47 -50 -25 -41 8 1 23 44 -10 -23 -2 49 36 7
44 39 -6 43 8 18 26 14 30 -34 30 -41 39 -4 -21 -49 -4 2 -2 -49 2 23 -4 -32 44 27 48 -24 11 -29 34 -32 -48 -45 46 30 -43 -19 18 -1 -49 -20 -3 50 32 -12 32 29 -50 31 -14 38 41 -35 49 1 -19 33 18 50 26 -15 32 43 -33 46 32 37 -27 -8 -9 9 -39 31 -6 17 28 -23 -31 45
38 -45 -36 -29 9 8 21 -43 1 -49 -3 18 10 -46 -40 4 -25 -4 -20 22 26 44 -37 46 33 36 20 33 32 -34 -22 26 -12 -19 -31 30 -23 -13 19 -1 -1 43 41 37 29 -21 32 33 -37 19 6 -9 -11 36 18 45 2 29 30 41 41 -5 39 34 -8 29 9 -45 -42 8 -27 -38 -22 -33 7 -10 3 -7 35 9
13 -46 40 50 42 -11 -27 -42 37 -45 39 49 -34 -47 -35 12 20 -25 38 43 -39 -34 37 15 -26 16 -33 27 -21 -17 0 4 38 30 -16 -1 8 32 43 40 -2 34 -23 6 -21 -38 -1 41 2 24 37 40 -21 50 -32 -16 -14 18 -4 -20 -28 11 46 -39 15 -44 -28 -50 37 -32 -38 35 -50 -6 -37 -17 41 28 -30 -10
45 -8 18 36 33 -5 39 -12 44 49 27 -38 -32 32 5 2 9 46 13 10 5 -2 -50 -11 50 24 44 23 16 11 38 -43 -41 45 -32 -15 -5 18 12 -40 28 -21 6 11 -34 -5 -42 19 -22 -7 24 -5 -1 -46 3 -32 -46 25 -33 -42 49 2 37 17 -36 -20 -13 26 26 14 31 25 7 -16 -17 31 0 38 11 39
-29 39 -27 5 34 19 -34 -32 -42 28 -17 37 41 -35 -46 5 -49 49 20 -27 37 39 -24 22 13 -22 10 11 9 24 -39 -39 -47 48 -15 -23 -8 -4 -46 45 49 3 3 29 35 -15 44 -29 -24 21 28 -29 -19 -28 -50 23 -47 20 -47 -25 -33 21 31 -39 -45 -12 -45 2 -17 -2 19 15 25 -47 -9 44 27 13 38 43
-29 28 16 31 11 43 9 18 44 -7 -50 -40 -38 32 -22 45 24 10 -30 10 16 -33 46 -16 11 -9 -12 15 39 -9 -23 21 43 15 19 45 -25 -1 16 44 -15 41 16 -16 40 -50 -16 38 43 -48 -15 -32 50 32 47 5 -7 44 21 45 -37 10 -1 -5 -39 -3 -43 -16 7 10 -17 -20 31 21 47 47 39 -49 39 -7
-48 50 -41 1 33 -39 -19 2 -11 -47 32 -41 19 -3 -41 2 -42 46 28 49 50 -46 7 -29 -21 1 -14 13 -1 2 -16 -43 18 -32 8 -34 -36 25 21 34 21 -37 23 -19 -21 1 -31 -50 15 48 26 5 -11 16 -39 -41 21 -32 -7 33 -1 17 11 20 22 15 -36 8 -13 -36 -14 -26 -41 -2 9 41 -44 -10 -10 28
43 -42 4 -44 38 -45 43 -19 49 -25 29 -20 16 -11 -7 33 -21 39 5 35 -18 -39 36 -25 -47 41 -4 -48 -36 -46 -39 -10 -40 -7 21 -26 -12 42 0 -14 36 -10 11 8 -32 6 -17 49 -4 30 23 37 43 -44 -20 18 -32 -10 15 0 12 -38 49 31 -24 35 -40 14 37 21 4 -43 -28 -17 -27 -4 28 -12 25 -33
-16 -46 11 -25 33 -43 -49 -30 47 -1 2 -43 49 45 -50 -43 49 -18 -19 9 14 -26 -37 -47 24 -50 -4 -7 -7 7 -24 -9 2 -13 35 -10 43 23 -11 -50 -6 49 38 15 -36 -44 -37 26 36 -22 30 5 -34 20 9 -37 5 45 29 40 48 11 -1 -29 43 -23 -38 -41 28 42 17 -8 -9 22 -29 40 -36 -3 49 35
21 17 -49 45 9 -19 -35 -7 37 -10 -33 32 15 43 24 -28 -42 -45 50 30 6 -43 -38 -41 38 -30 15 -16 19 7 15 47 47 -32 -4 -21 25 -40 -18 39 -17 24 24 6 -43 36 -29 -7 26 28 -7 -41 -14 32 6 -20 -2 -38 23 10 -16 0 43 -34 16 45 -31 43 26 -50 -45 -45 35 -15 -34 -23 -35 -42 48 -7
38 -4 23 14 -23 33 -19 -5 -35 32 23 -27 -31 1 3 6 41 -47 37 6 -11 26 -4 2 7 -5 -34 -14 -16 -27 -24 45 -25 -22 -16 1 -28 9 0 -35 -43 18 -1 -1 11 -35 46 21 18 -21 -22 -3 -36 7 -38 28 -17 21 -34 -15 -15 -24 -21 0 13 -36 36 36 20 -44 -48 41 -8 -15 26 -20 17 30 48 39
-45 -42 21 -9 -44 9 36 39 9 12 43 -23 8 -43 -45 -30 18 10 -17 -12 7 37 26 -12 -19 -1 6 -40 -39 24 -24 11 -23 13 17 -35 -36 -19 35 47 -26 -26 -47 -36 21 41 -15 27 -43 21 1 24 -24 -13 15 5 -17 6 -15 -18 45 -19 38 -42 -2 -3 -4 3 3 -49 15 10 4 17 -39 -45 1 44 43 41
-50 24 -44 -40 -1 -3 23 22 4 46 -16 39 -19 1 3 -7 -20 4 30 44 -17 -47 0 0 -28 30 15 -42 -46 19 -33 20 -10 22 -1 13 -32 32 -39 29 40 36 11 -22 11 -11 -50 -1 20 40 -24 5 -30 2 -39 13 -44 6 -5 -25 -1 -34 37 45 -11 14 -35 -36 -20 9 6 -38 -8 10 0 -13 43 -15 13 -19
19 -44 -47 34 -28 -1 -49 -18 25 7 -21 33 -23 10 22 -17 37 -29 -2 -24 -19 7 30 -38 41 5 -24 34 -3 10 30 -27 26 -12 -5 10 36 45 48 10 -8 10 8 27 -40 23 16 7 -15 -20 -35 39 5 -3 -31 -29 25 36 36 -49 -21 32 6 44 -20 28 -9 30 20 13 18 24 -47 5 21 -25 -28 26 50 37
-39 -4 36 -37 36 18 27 -9 32 -33 -23 2 -37 10 -2 17 13 24 -22 24 -4 -28 -45 43 -23 39 30 -6 -22 -39 -9 6 -45 18 -30 -13 3 25 42 -42 -17 -14 13 28 34 -16 27 24 -43 -47 -35 49 -24 -3 -10 31 50 -15 37 7 43 23 18 -4 48 -14 -45 31 -26 39 -22 23 -9 42 1 50 -11 45 -3 42
-2 -50 18 -29 28 26 46 -29 23 -23 -31 23 -32 -19 -30 -22 9 28 -6 -7 30 31 5 -17 30 49 16 -40 26 -45 18 4 -7 5 -9 -31 44 5 -46 -22 37 4 46 15 14 12 13 -17 1 11 -37 -14 -38 7 47 42 -37 25 -12 32 -8 -8 7 39 21 -8 -32 -41 -15 -45 -43 -18 -35 24 -45 -46 -35 14 -22 1
5 47 -18 -41 -41 -23 31 0 48 29 -49 4 -3 -10 -21 29 -20 -27 36 10 -27 -49 4 17 2 11 45 22 35 -8 47 12 20 -26 -42 -13 -2 6 0 11 -15 6 -33 11 41 -4 -29 -36 43 -49 36 1 -24 45 -50 -50 -40 9 -48 -21 44 -27 -20 -1 -5 -10 -41 25 3 -11 -44 27 -31 -29 -26 45 -19 44 11 22
4 -28 15 8 9 -22 -36 21 15 18 41 -43 -15 32 -38 49 -4 47 22 40 46 32 -42 4 43 -32 37 -12 5 -9 10 -47 -40 -47 33 -42 11 44 -37 -42 31 -4 34 38 -20 36 -27 -37 9 25 30 38 35 43 12 1 -50 -17 -21 -6 8 3 1 -14 -42 38 -49 21 4 -45 -13 40 20 30 -1 0 15 32 28 -36
-30 18 24 3 -9 12 -9 -18 -27 44 -17 -4 12 -22 12 20 35 14 -8 44 -35 -22 -44 -30 -12 -39 -36 19 48 -43 -50 -40 30 -22 -40 -9 -36 -37 -23 -45 -18 8 20 40 10 38 5 45 -28 41 -9 45 44 -33 -14 18 -15 47 -31 37 5 0 -27 -19 -39 14 -2 26 13 28 -41 33 -36 30 45 -35 20 -22 11 -47
-39 2 42 20 26 13 -31 26 11 13 17 21 27 27 -49 -18 -14 18 -46 -22 -33 13 -19 -15 32 -49 47 36 16 -8 -47 43 10 -28 27 -6 -4 -14 24 37 11 -13 -38 -23 48 -4 21 -44 41 -17 48 -21 40 21 48 18 -48 0 -47 28 10 -9 -6 11 2 -37 15 13 23 18 -39 44 12 25 -45 -23 45 1 11 -47
30 -28 24 -7 -47 32 -39 -48 33 -42 -43 -31 -28 22 -41 4 43 47 -39 -50 46 -50 16 -17 10 -6 -17 20 -20 29 18 -31 -29 50 -38 -44 5 30 3 11 -20 -34 5 -16 43 -48 -16 28 -3 -8 -19 -41 -44 -1 -29 9 -31 -37 -34 -15 -18 -44 -28 6 -23 8 -29 -16 -1 -20 34 8 -3 -21 17 -6 -4 14 11 32
21 -1 -39 -27 46 34 -33 7 27 30 -15 -25 -7 -1 15 22 -7 50 -41 -27 39 -18 9 17 29 35 -14 -2 -47 4 -21 15 -38 -21 -12 -3 2 -15 3 39 41 2 46 -23 -4 5 25 23 25 40 -21 33 13 -15 50 -29 16 14 -48 11 33 38 7 49 -26 1 -2 14 41 19 50 40 30 48 44 44 28 -27 -42 5
12 -35 -42 21 -38 -28 -30 36 -1 -31 38 -32 48 -18 47 22 -4 5 -7 -24 2 37 9 19 3 50 35 8 38 -19 -32 -20 45 -40 -20 -46 -30 -36 -33 -6 -1 -32 41 -40 -2 25 35 0 -36 -13 -18 -26 39 35 12 -25 -38 14 -14 32 -28 -3 -43 7 13 -14 32 29 18 -27 -29 18 -45 -9 -11 -27 6 31 43 -8
-41 -28 -14 -34 31 -17 36 -32 13 37 -15 -46 21 -17 22 3 -12 17 -45 22 26 2 38 38 -18 -26 11 45 -49 0 -37 10 9 28 30 -8 27 7 -18 1 -50 11 2 -15 11 -8 13 21 1 -17 -43 34 -31 -10 16 -10 -43 40 -7 11 43 26 31 -29 34 6 -7 -27 45 18 -22 26 6 -27 27 14 26 -43 43 -18
-28 44 -48 49 -35 15 -23 -1 34 8 25 -41 -47 -6 12 -19 14 15 19 41 15 -35 -2 10 26 -27 18 -32 -10 3 35 2 17 -41 6 -39 16 41 31 -39 27 3 -33 46 28 -31 -44 18 -5 -35 50 -35 6 36 -2 12 -6 32 25 32 25 47 -37 42 -7 -42 -5 6 -12 -27 22 8 -15 44 26 -7 50 20 -8 -7
9 7 -2 0 -11 50 -1 34 -31 -15 -35 25 -8 -3 12 -25 -34 -16 0 -50 -34 19 -23 29 -36 -21 22 -24 -11 -5 41 22 39 -24 -20 50 -30 -25 -25 -47 43 23 7 -7 -47 -2 27 15 -21 -5 -27 -34 -31 -49 46 4 -50 0 34 13 -45 22 -9 -22 44 -5 -43 30 15 19 -21 23 -32 -34 -14 -36 -36 30 10 41
34 5 11 15 -26 -49 -17 -14 -7 -15 -14 -19 39 -10 -17 40 -30 41 -38 -49 12 -24 -15 -31 -36 -23 -16 -12 27 9 -33 27 -31 0 -32 -1 -27 34 -1 -39 -25 9 19 49 31 12 -35 -27 2 6 -13 24 23 25 8 -49 -8 -42 -2 -15 34 -44 -27 -9 -18 36 17 -40 50 -9 -48 -25 -29 33 44 2 50 47 -50 -38
28 41 -32 21 -26 -12 -4 1 -50 2 27 14 -19 15 -17 -33 -7 24 28 8 -23 24 -17 21 -42 -10 16 12 36 -23 3 25 -19 -38 -32 -2 23 28 37 -18 -15 -18 42 -46 3 -23 -44 26 -5 36 32 3 -22 9 -32 48 -36 -16 38 -41 45 50 -3 48 -13 -36 -1 -18 34 -4 39 -35 46 30 -43 3 -11 28 8 6
47 11 18 -11 34 -39 7 -46 48 -26 -4 34 16 31 -41 12 20 -8 15 -22 0 -20 -8 -23 16 35 49 3 -2 -28 2 26 -21 -39 35 35 -8 -1 36 -13 -27 -9 -36 9 42 36 35 -15 -13 8 -44 30 -14 49 37 49 -17 -45 48 10 29 -34 41 -25 46 -45 -13 -11 -26 8 -28 5 -3 -20 -21 -19 44 17 22 -33
-43 -14 -49 -8 22 -15 24 0 28 -21 3 7 24 -29 35 -9 17 -26 41 27 23 34 -18 14 -23 -13 43 16 -35 5 17 -12 -11 17 44 2 10 30 9 13 -24 -21 8 12 18 -43 3 -43 42 14 17 47 -48 4 43 -44 10 40 7 29 -35 -9 -10 -16 35 2 -22 21 -25 38 4 25 47 -43 -19 -45 4 -1 -14 15
29 -15 41 -28 47 21 -32 45 -22 12 -20 35 30 34 -47 36 34 16 17 36 2 -11 38 -47 48 -15 22 -38 3 21 6 41 8 -32 -5 9 1 -4 22 37 29 -41 -13 43 -2 -3 -48 -4 46 33 -23 25 11 11 38 1 4 47 23 13 45 -44 21 -17 -15 44 36 -13 -6 -25 21 -3 -2 -3 -48 30 -39 24 -42 -4
-6 9 25 -32 -18 12 -19 35 -36 -28 -1 38 -13 12 27 39 41 -24 5 16 16 -18 2 34 -43 -5 -40 -46 44 48 21 -19 19 47 50 -3 -26 45 40 4 25 31 47 23 14 -36 -15 -10 5 -25 -39 20 41 -9 1 2 -19 40 10 -44 19 -4 40 4 -47 -25 35 -6 5 46 -7 -4 -6 37 11 -7 21 22 8 -3
-45 -26 -21 -30 42 -33 -43 30 50 43 -10 31 18 31 -17 45 -38 -19 33 41 -27 -46 16 41 9 30 -50 -5 17 -44 -12 -7 17 26 33 42 -26 -46 37 22 -36 16 -28 -20 40 7 -3 16 -27 20 -17 39 -9 -24 -37 44 50 -35 25 -41 5 5 41 28 -40 -22 -45 -46 20 -11 -19 0 42 44 18 4 11 15 -20 7
4 50 14 -38 -5 -21 -19 42 13 -1 9 29 35 11 -26 13 38 10 -16 -11 15 2 -25 -14 -10 -35 4 -2 28 -21 -47 23 7 -33 39 8 38 -47 44 -25 -37 -45 24 37 -10 -5 -35 35 16 11 25 -27 -19 11 34 -5 -45 6 -49 27 -48 31 17 16 -6 1 -12 -48 50 37 -1 44 38 -13 6 33 14 -28 -3 9
-3 31 30 -10 6 19 -44 1 -17 33 -34 -11 -25 -33 -49 39 15 19 50 14 21 -41 -6 -49 -6 49 5 -44 33 48 18 29 -26 -13 11 -37 -9 15 21 -22 -31 29 32 44 -12 48 32 -7 19 -9 -44 19 23 -24 40 -9 -50 7 17 7 40 7 15 -41 1 -43 -8 -18 -34 -14 -15 -50 0 47 -31 40 -26 -49 13 -3
37 -43 -29 20 39 46 42 15 19 43 -48 18 28 41 -3 0 -36 -13 -40 -26 -29 7 2 1 -48 -36 22 9 34 -47 29 43 14 14 43 -37 24 -40 -3 -22 -2 -36 39 -40 0 17 24 -35 45 38 43 36 28 -11 -11 1 8 -50 30 38 19 -25 38 -46 -10 -15 -49 -49 12 -5 -42 -16 -6 25 34 8 -11 42 -22 -27
-32 27 42 44 29 -19 15 -19 38 -46 -36 9 -21 -40 48 -12 -21 39 6 24 40 27 -3 36 47 2 35 -19 -21 11 -19 19 23 -2 16 1 -34 23 28 22 6 29 13 -29 -34 15 -9 3 -41 27 3 1 38 -43 -17 -15 -45 46 -25 -30 -47 -29 19 -18 -27 -15 14 33 41 45 -12 16 37 7 -36 -1 -46 12 37 -27
-48 2 -31 -27 36 -7 -9 -44 42 -50 1 47 -20 47 -15 22 32 -28 13 -9 25 15 -26 35 32 13 -20 -40 44 29 31 -47 17 -14 17 -48 -8 18 20 -5 1 38 30 -7 37 -2 -5 -48 16 -23 -10 10 -41 36 17 22 -3 8 -35 23 5 -36 48 24 17 16 -9 35 44 9 50 -28 -50 41 13 -13 -28 -10 -9 -4
-23 43 -18 1 25 -41 44 -33 -27 -44 42 5 -35 -19 -36 -1 49 -14 -37 -3 30 25 -49 -47 -33 -48 -16 -25 -26 -44 7 -27 -29 27 -28 -9 -27 -40 -41 -49 17 -21 -14 35 -10 -38 15 41 25 -26 -49 -18 28 -20 -22 -10 20 49 12 26 -28 31 -46 -1 45 1 -31 1 -5 -27 8 -30 -36 -21 -31 -20 13 -15 -8 -17
26 45 -11 18 -29 19 7 -34 -33 34 46 -9 -19 -13 30 -44 34 50 -15 -39 -20 -44 10 23 43 50 0 22 -31 18 48 49 4 -10 -47 -47 20 -43 50 -16 16 -43 16 49 38 -10 -38 23 38 -29 -22 -16 13 18 27 42 -5 -23 19 31 -10 20 37 8 -11 -27 -6 -37 -43 37 -45 -25 21 -22 -12 -3 -50 39 21 -38
34 24 20 -35 -34 -13 42 33 -14 40 -18 -6 3 -26 -19 48 -39 13 20 6 -17 -42 -45 -39 28 2 22 -23 -16 -31 -5 -44 0 47 -47 23 -36 -46 29 33 0 -18 -39 -24 33 -30 -3 32 1 -14 40 5 -36 19 14 -47 -14 16 31 25 42 -34 -44 -11 -36 24 -44 44 31 35 47 -2 39 23 -27 -17 -7 32 24 -50
-31 42 -35 -21 -50 20 -20 -19 36 -34 49 43 38 36 27 -9 35 -49 32 9 -29 33 -25 -29 -33 -8 -6 -28 46 -27 39 -12 0 -47 -20 3 47 -28 -22 31 -47 -45 5 30 46 -11 -8 40 -12 14 -15 -45 4 -40 -14 15 -46 21 27 -1 -45 -9 -47 -29 -8 -17 14 -12 43 4 17 -33 -27 14 37 24 -10 32 -21 28
-17 35 -19 -43 -25 39 -9 -23 -11 24 5 -16 -34 -15 -39 -10 5 -23 9 -29 25 24 -49 26 -34 28 5 -14 -20 34 50 -18 12 -34 -13 -30 -3 49 -33 -43 24 19 -19 31 37 -36 37 -22 45 -6 12 -30 34 -38 -7 34 -37 -1 -38 6 22 26 -13 46 40 -36 -17 18 -3 -48 -17 24 -2 -11 33 10 -48 -31 -13 -28
-47 -5 38 15 -4 23 16 -23 16 43 -26 -50 36 20 27 8 10 -38 -47 5 28 -41 -9 22 -42 -19 15 31 10 39 6 15 34 11 -49 -14 -10 10 -41 34 -5 -14 22 -44 -5 19 27 3 -44 -12 -6 -38 -34 -41 34 -28 -15 7 9 27 -13 -16 -40 49 22 -2 -29 -39 37 -2 46 50 -41 -28 19 42 15 -41 14 27
19 3 7 43 -38 -11 -34 27 5 -6 -1 44 21 -17 16 -37 46 -42 -22 28 -2 -13 -14 -49 49 -41 21 -38 22 32 -25 -22 -17 -25 7 -18 18 -47 -8 10 39 29 28 -23 -28 7 2 -48 36 23 -35 15 46 -33 21 -18 18 29 -30 28 -32 -13 10 44 -30 39 -48 -14 -24 30 -49 24 -37 -34 -47 24 -15 -27 0 -32
-28 -26 29 0 23 9 24 29 -43 -49 -30 44 -37 -2 -46 -28 -39 30 21 -6 -20 -37 -4 -14 38 32 -22 -17 2 38 12 -3 -31 16 -33 -11 41 46 4 38 -40 40 -21 28 -47 -43 37 -30 -42 13 2 18 -34 35 41 -25 -21 40 20 -43 50 34 25 -46 1 -29 -7 -47 39 -27 -2 49 1 48 31 -11 45 -48 -48 22
40 -35 -14 -9 31 28 -48 0 -16 -45 -1 43 24 -1 -44 -26 -37 15 34 46 22 39 -24 -43 10 15 -11 -49 -36 4 49 -5 1 21 13 42 -22 -49 -50 -25 9 -22 6 -44 -13 -49 10 -35 26 43 -38 46 -33 38 4 -36 12 25 45 20 12 27 36 -18 -42 29 3 -1 -1 -26 -13 -12 0 32 -23 33 -27 46 -22 -17
35 10 -32 -45 21 -12 12 15 22 30 50 22 -43 -18 23 45 4 -37 -45 41 8 -24 30 -44 -3 12 9 -5 -13 40 -21 -17 -14 44 41 -41 41 -1 25 4 -43 11 44 23 -6 0 -7 -22 -20 46 8 -44 20 -3 6 5 -14 15 -47 -4 -45 -43 12 -30 23 -17 -15 -34 24 -15 -9 -17 31 49 -8 47 -16 27 15 -49
30 -23 -25 -26 31 14 -4 -43 1 6 -21 -3 -22 -14 10 9 -22 -19 -49 -34 23 30 -3 9 -3 39 10 8 49 18 -10 23 33 8 -44 -10 -35 26 -10 45 23 -35 -43 -46 -36 -22 -12 -5 33 -7 18 -39 18 -41 20 38 -7 46 24 4 46 -8 2 -3 29 22 -3 25 14 49 -13 -4 -34 46 16 -7 -50 3 -45 -47
30 -45 -49 -9 45 12 6 19 -16 -7 21 31 47 46 15 40 36 -4 43 -20 -31 9 -10 -8 -48 -5 42 -39 45 41 42 -11 -26 -36 -8 33 -10 30 -7 17 44 31 32 -10 -9 12 -16 -41 -25 33 12 41 -26 41 -27 26 -8 -5 24 37 -23 34 -39 -24 48 -28 -34 -37 -28 -38 0 31 -36 -49 16 0 -9 28 -9 -16
-41 47 23 12 18 -36 45 -32 0 -21 24 -16 36 47 -40 24 -49 1 44 8 16 9 -31 29 -17 -23 22 -3 -20 -2 38 19 -38 -32 -44 15 24 -14 -50 7 -18 -3 3 -28 48 -9 26 0 4 31 10 -38 -8 34 -50 -28 18 -2 14 3 8 -13 -8 38 23 -16 -10 21 -24 43 -41 -12 22 13 -30 -38 -4 -40 -35 -24
4 -30 40 -9 -50 -39 -11 26 46 -50 -31 -37 49 28 -25 9 9 9 -36 -3 38 -23 34 49 35 4 3 -3 -10 7 -18 -30 7 -19 -50 50 -44 -15 -50 -2 -22 -48 -31 5 1 13 43 -44 -33 14 -12 22 42 -30 -41 -29 42 -27 41 -13 7 -49 -43 -41 6 45 -27 9 -44 -43 12 -43 31 25 -6 -20 -33 14 -41 -2
-22 -30 17 25 -20 -33 17 -45 -4 13 23 13 -49 6 -47 11 41 37 45 19 9 12 -16 -22 -32 14 43 7 41 40 -13 21 -15 -9 -36 21 25 -13 8 47 -42 -44 46 -11 29 30 -44 9 42 -21 -44 -47 44 16 20 22 31 -34 14 45 -27 33 48 -10 -25 -12 4 47 16 -41 16 38 22 -22 24 16 -8 19 3 -19
43 -10 18 -29 -41 -26 46 -34 -23 44 -24 -27 43 43 34 30 -27 -25 -21 -23 22 21 -26 -22 -3 38 -41 1 41 6 8 -8 28 47 38 9 35 -48 30 36 1 -9 48 -11 -18 -3 -28 -18 -50 8 8 0 -34 40 -18 12 2 40 37 -6 14 -42 -46 -9 -45 -46 -16 -41 -7 25 18 47 29 -2 2 35 20 -42 -28 -23
-19 -18 9 40 -2 22 20 -6 -43 14 33 -34 4 4 -24 46 4 16 -15 23 -32 -28 -19 30 -37 -33 -30 12 29 39 -24 36 33 23 -26 45 -50 -34 18 -26 6 7 38 -42 -11 26 -15 43 28 -36 -33 42 -23 23 39 17 -31 27 2 14 -23 -27 -32 8 7 13 26 -21 -47 -38 29 1 -37 -26 42 4 0 24 18 -32
-12 -11 34 -35 23 16 -23 -24 31 -34 -11 3 31 -42 -50 -38 7 49 -29 -48 22 -20 30 -14 -34 21 -47 -5 8 20 5 16 34 -7 -30 -45 -14 7 34 48 9 42 -3 -47 39 12 -34 -1 -2 39 -49 33 -5 38 5 42 15 2 38 15 -14 42 -45 9 21 -9 -4 42 -49 -24 13 -40 -19 -46 -9 47 22 46 37 -50
13 8 47 38 -31 -13 35 -43 -4 48 6 16 44 -16 3 1 -20 -27 -28 4 40 -50 -46 49 50 48 40 19 -34 -39 -24 -34 41 50 -44 28 23 -25 19 8 -9 29 39 -25 46 -41 -26 -21 -39 39 -24 36 -26 -6 -8 2 -28 7 -18 -12 -26 -45 -32 27 -22 16 -20 28 -11 26 26 4 27 17 -21 -49 -15 -12 -23 34
-6 34 32 -5 -30 50 -16 48 -42 45 49 -47 29 2 44 32 -47 -29 -24 -42 -1 -31 -12 0 37 -48 11 29 37 -46 -2 -43 -36 43 32 -18 -11 -37 11 -16 -6 -25 38 26 26 23 45 24 -13 -48 -38 -18 -31 -42 -38 -33 29 -9 37 13 18 -37 18 3 -16 -49 16 -26 -14 -37 -41 43 26 -4 9 -34 31 -23 21 -48
-38 -5 13 39 12 -7 -3 -32 31 4 15 -6 41 27 -17 13 35 -38 -48 -36 -27 11 29 26 -10 4 -23 -7 34 -42 44 10 38 -24 18 -17 8 10 -5 22 -9 15 -37 31 -25 35 35 -11 22 0 -3 36 31 31 9 17 18 -46 -50 2 -3 -3 -35 8 -25 4 14 -38 -6 -5 37 -4 19 24 -41 -28 18 -45 -7 24
10 -21 -36 -13 -33 -44 28 12 -4 31 19 31 -8 -17 20 -11 44 25 -50 35 36 -44 40 -39 -31 39 -20 28 31 20 4 -18 14 12 -15 -4 -43 25 -19 -33 37 29 16 -19 -25 19 -25 -44 32 -12 -20 -45 20 50 47 -8 36 -13 19 -17 48 39 17 -40 23 -3 3 -35 4 -31 -32 17 -34 1 -19 28 14 9 -6 16
2 12 -30 -24 -38 24 35 -38 -46 -38 -29 23 -27 -43 -7 18 33 -41 -5 36 9 42 4 -34 50 16 -33 36 4 -48 6 -24 -6 -27 48 0 21 7 -25 41 -31 4 47 -18 -9 -44 -12 0 43 39 -21 -41 25 1 47 -32 38 -34 40 39 -6 27 -22 -7 42 -38 -18 -46 7 -26 8 -37 -43 36 0 -18 -12 -34 36 -15
43 -23 7 27 -6 -16 27 22 47 -8 -44 42 18 0 13 25 -9 -5 -26 -21 29 38 -37 49 -45 38 -41 -22 30 -48 -50 12 1 -48 43 40 -50 35 -35 -15 -34 1 1 -16 34 35 38 33 -43 -11 -33 8 36 46 -47 40 25 -41 8 -5 9 -29 -15 8 -42 -8 -33 -6 0 -40 21 -37 50 -14 4 32 13 -17 -17 25
27 34 -49 30 20 -6 15 1 -17 -3 23 -18 -23 -41 -30 32 36 -24 -38 -46 -9 -24 20 -36 29 -29 -48 -26 39 23 39 26 23 31 -43 -15 -32 1 -25 -15 -45 -16 3 -30 9 3 31 46 44 27 12 -34 -21 -25 -20 -13 -50 -25 50 27 23 -10 41 -9 0 39 -7 24 -19 -9 0 6 -13 1 -46 -42 -40 -21 2 14
-47 11 -29 -12 -34 -46 15 -44 -17 7 0 -15 -45 -10 5 -5 -23 -12 36 -21 -30 -34 -22 20 41 -47 26 40 34 -13 -30 -37 -29 9 43 -31 33 -22 45 -22 14 0 -32 14 -14 -13 -28 2 -40 23 22 -47 32 -21 37 48 -32 4 -50 6 -19 33 -44 8 6 27 41 32 18 -27 -13 14 -37 -40 19 -29 -11 27 -24 33
50 -1 48 -17 17 -41 -20 39 3 -27 -4 -43 -45 -1 -50 -34 47 30 40 -26 -45 32 -5 -25 44 37 46 16 -50 33 -13 -42 47 -12 9 -10 -41 -13 -4 33 -7 23 43 3 -10 -24 34 -43 -2 39 17 -32 -21 6 -45 43 26 6 29 10 42 33 44 -50 -9 -24 -39 48 -38 -36 19 16 -35 45 44 23 21 -37 -32 19
