60 60 75
34 27 -2 3 -14 48 37 -25 33 4 0 18 43 -6 13 20 5 -7 -40 -18 12 -45 25 47 1 -50 40 -13 31 -2 14 47 -31 1 36 2 23 0 -28 34 -43 -38 26 -30 -30 -44 -15 18 27 27 -22 32 -50 -49 -18 38 23 33 24 31
35 18 2 12 -44 -37 24 -29 26 -24 -3 -10 -45 -23 -9 25 22 38 -43 10 2 -27 40 -43 -13 39 -25 -14 -25 -46 18 28 -17 -21 -6 23 23 -41 -45 -50 -6 -44 23 -22 -9 -31 -36 6 44 28 13 -31 40 7 41 44 -45 -3 -28 23
-15 34 12 27 -21 38 -1 13 -10 39 28 -49 -17 -7 -26 14 -47 -37 -9 16 -31 -14 -5 36 -6 40 12 4 37 -50 0 -9 21 49 21 -4 50 45 38 41 -31 32 6 20 43 -6 -34 24 32 -22 11 17 27 31 47 -3 15 -37 -48 29
2 -8 -25 -29 32 -14 -3 -9 -23 -3 35 46 22 47 36 18 25 40 -14 -25 -47 -3 -12 15 47 7 17 44 48 31 -32 -49 16 -13 -3 -42 10 -48 14 -30 -30 -25 14 50 -48 11 13 -49 -41 23 -24 14 3 -34 -22 35 37 4 21 -42
26 -41 30 -3 46 0 -45 -18 -11 -23 -1 11 -35 45 -26 40 -39 -39 -1 -24 -4 -7 30 -2 2 10 6 34 -19 -7 24 -7 49 18 49 6 50 24 -3 -46 12 -19 42 -23 -36 -28 15 31 4 -18 -7 7 2 16 -39 -19 31 -11 -14 -14
26 49 -41 38 -16 21 -33 8 34 8 -16 44 50 20 -15 25 30 39 -9 -25 8 7 32 -42 -36 -19 -20 26 38 -32 -26 -47 36 -30 8 -9 -28 8 -43 -5 38 15 -6 22 42 -1 -19 38 -30 6 9 35 -34 50 -14 -17 4 39 7 -22
-3 -7 -9 -40 10 -42 -35 -6 21 -34 -20 -40 21 22 -6 20 41 2 -11 -23 -24 27 -4 12 -43 15 -4 2 33 37 22 -35 -48 31 -39 -25 -5 28 28 -49 7 -26 23 42 -40 35 21 49 -20 -38 -24 21 -50 35 -14 31 14 0 -49 -14
9 9 -36 40 -28 22 -32 26 -16 -23 7 -47 -10 34 -38 26 -3 43 14 -12 -47 -8 -36 -8 -23 23 -42 44 -3 -21 -36 -50 -46 45 31 19 -17 -38 -46 33 20 50 18 12 -28 9 4 15 4 23 -28 -34 -12 -6 -7 -38 -1 40 -38 25
47 24 28 13 -35 49 20 -39 37 -36 -25 -27 -22 -44 32 -24 10 30 31 -43 18 21 8 14 -42 21 0 16 40 -38 48 -27 49 5 29 -3 -12 -18 47 -6 -34 8 -23 -28 -4 26 36 -46 12 -14 -26 37 6 -30 -21 8 -11 49 -13 -27
-21 25 26 -15 -17 -38 -24 -30 16 -24 26 23 -38 -23 32 -30 -12 -3 19 -11 3 37 35 -39 -13 44 -40 -15 4 -43 -50 -29 36 17 -36 -48 44 -15 17 17 -12 -23 45 35 41 35 -40 42 30 26 -27 -39 -12 -45 49 -22 11 15 39 17
-45 50 24 -10 -14 -44 48 19 -21 10 -23 -46 -5 0 24 32 42 -8 50 -37 30 36 4 8 -12 -28 -10 46 2 30 48 -1 5 -10 6 17 30 -23 47 40 34 -5 -22 17 14 19 -34 7 8 -15 27 29 3 -3 33 -41 -11 -10 -45 3
-4 -10 -20 12 -45 -47 47 26 -18 -48 18 -49 -48 50 50 28 16 8 -35 -34 -24 -34 -6 -36 -46 -25 25 -42 19 21 35 -28 -46 11 43 1 9 31 20 -37 -7 45 -6 -28 20 -28 -15 -29 19 -20 30 -47 40 41 8 -31 -20 -34 -39 -15
48 -17 42 -4 -36 36 0 -6 5 -20 35 13 5 -19 50 33 -41 44 31 32 0 -50 -20 -20 -41 33 33 20 37 8 -31 1 28 -14 -16 -8 13 -50 20 0 43 -34 -19 14 -24 -20 -11 11 -4 35 42 -14 -39 -8 -12 40 -18 32 27 22
1 24 4 24 -6 20 49 -35 -19 -17 29 40 -14 -12 30 -34 31 44 -10 -13 -37 -36 -18 28 -39 -40 -23 50 -37 47 30 -1 13 36 -36 -38 24 -36 47 25 9 -8 10 28 42 23 -12 48 9 -14 33 -8 -36 -24 21 37 -4 -2 48 -48
-26 -5 16 -36 -42 -5 9 -2 -9 38 25 39 -40 31 -37 -9 -43 -2 -1 20 42 23 -47 -35 -27 -40 41 0 -23 -11 42 29 -33 43 41 48 15 -5 -45 2 -18 4 24 22 -44 42 -12 -5 -23 -25 -13 10 -48 -47 6 -12 33 -44 16 17
-18 -40 18 14 -37 -39 -3 -2 7 29 -22 -8 -4 -35 8 -21 12 -5 34 -30 0 10 -1 30 -45 21 30 -7 -46 -28 12 24 4 24 -19 -5 43 32 44 21 -7 2 11 46 -43 2 23 45 45 31 28 -12 -47 -8 -25 25 25 -48 -48 24
-25 -27 9 -30 -27 -22 6 12 -24 -47 2 -42 38 36 3 -1 16 42 49 -27 -50 45 -8 -25 -26 3 37 1 13 19 -12 -24 4 50 -10 40 -23 18 -31 2 26 48 50 23 9 -21 -9 11 36 -38 48 -10 -15 36 4 -38 -16 -40 42 -5
32 19 -33 -29 15 41 -5 34 28 -31 8 -33 -41 -28 -47 4 50 22 -16 35 50 7 -28 -31 42 -15 -44 -17 -40 -25 27 -25 31 8 21 27 -46 21 -20 -2 -4 45 -29 -18 33 33 23 -36 12 42 7 -22 -41 -32 3 32 13 31 45 -38
18 50 -3 -13 3 -33 -5 -31 37 -45 -43 39 0 21 -45 11 -5 -16 41 -44 -8 13 -30 -10 6 43 -2 11 -14 25 -21 37 18 7 21 46 -8 -19 -4 8 48 -10 -24 -49 -49 26 16 -10 -2 -9 19 -8 -23 26 -39 -3 -27 -6 -50 22
-5 35 -28 -17 -31 -9 -25 3 45 46 -28 -24 -48 -23 -24 -8 -7 9 -23 22 31 -22 -28 -27 4 42 -37 39 -17 -22 -6 48 -37 41 -8 -43 -16 -46 -25 24 28 29 -8 33 -40 -13 38 -38 -13 -21 11 47 39 -36 -28 18 -1 35 23 49
-28 11 -16 22 -35 36 -31 28 43 -47 30 23 29 11 -11 30 -10 1 -7 -32 30 -27 4 30 50 -11 -7 -10 -7 -8 -2 -27 46 19 -33 22 19 29 -10 44 6 -19 13 2 -35 -12 -9 20 -10 -26 -7 16 -50 -30 43 -39 48 43 -20 46
-49 -41 -6 -6 34 36 -26 29 36 -3 -43 -8 -49 24 50 37 -38 12 38 47 -41 0 -44 17 43 -21 -24 -44 -2 49 -30 -48 -1 -46 -12 20 36 26 -44 -17 31 -36 -39 16 22 46 -25 36 -22 6 28 25 13 -36 -31 30 30 -26 7 11
-19 25 22 -15 -16 48 45 -29 23 -49 -40 16 -47 -8 -36 -36 -12 15 -11 -33 -26 7 20 -37 -39 -43 -19 13 -1 -20 13 46 2 -21 -10 -49 -29 -2 13 -40 -25 50 11 17 0 1 -13 30 -10 25 43 -41 50 8 -28 -33 -30 -22 -6 -12
-29 43 2 50 -22 1 -48 29 16 49 -24 28 -42 20 14 -21 16 -45 10 -46 37 -29 -18 -27 -41 -13 3 40 48 -11 17 -37 -42 -17 -46 7 -34 -17 -36 32 -49 27 44 22 6 -27 12 -14 -50 2 -44 -50 49 19 46 -14 -47 9 -42 4
40 -14 -17 -34 -25 20 -34 11 -35 -16 35 45 41 -38 -43 46 7 25 29 37 -29 3 -21 -49 -25 49 -5 22 15 -34 -41 -31 5 47 49 -1 31 -14 34 -18 15 -31 -6 -14 1 -46 2 -3 36 -20 -34 20 25 -24 21 -24 45 7 17 7
-26 21 -45 -48 18 -6 -38 -8 21 0 -1 36 -34 -6 39 -23 33 -29 -8 -15 -12 -18 -36 -16 32 12 37 8 -13 -10 48 16 22 -7 -45 -45 44 -10 11 13 5 -34 34 -5 -47 -5 31 1 4 41 -42 -42 -37 -46 -44 -18 17 -1 -2 28
-29 31 2 -21 -16 -40 12 -29 38 31 -39 -15 19 16 -4 -31 10 44 41 -3 42 46 48 -27 11 -22 29 -47 -15 12 23 -32 -36 9 -37 21 23 -31 50 50 50 -41 47 37 -39 -49 -27 33 8 -29 21 27 10 42 50 -2 11 47 32 45
-43 -32 -2 4 -25 27 -35 37 12 -5 39 -23 -16 1 -50 42 50 -25 -1 -3 -25 21 28 37 -14 -47 -30 26 -50 15 -20 -30 -11 -32 1 31 -22 -7 -37 -2 -34 -1 -35 10 32 27 36 21 34 18 7 2 24 41 -14 7 16 -38 -26 31
20 16 -27 27 27 -42 38 27 -50 -5 7 49 -12 -16 29 -16 -9 -11 2 -33 -31 -35 3 9 -23 27 45 -23 -40 -36 -15 12 18 33 -44 23 33 -34 -43 38 20 -46 -30 12 -17 -4 19 18 34 -13 17 -4 -13 -37 -5 -39 -15 -16 2 -22
-28 -30 27 6 -2 -30 45 14 -20 23 26 50 0 -45 50 -6 -6 -48 -6 -3 -1 45 -2 4 -46 -17 -50 -42 9 38 -21 -3 -5 -40 40 5 44 -6 -13 49 28 -30 10 1 -41 37 4 -34 23 40 -25 47 9 45 -15 12 -17 -4 -7 -38
39 -11 -9 -17 19 15 20 40 -12 38 -29 1 43 -20 -20 -18 -38 10 -9 -16 50 3 -17 44 41 -5 -45 13 20 -42 -6 -22 30 -22 21 -24 -17 -1 -44 19 -20 -19 9 24 -35 -34 -11 -48 2 -48 -25 -17 15 1 -4 -25 43 -49 11 44
-27 -31 7 49 10 -21 43 16 18 21 -23 -21 25 -45 -42 29 15 28 11 37 -17 -8 -1 12 -7 -39 8 -29 1 48 1 -9 43 -44 19 -47 32 -30 -32 5 44 17 41 -31 6 -44 -6 -13 -44 -37 -43 0 6 -10 31 -34 -35 28 -42 -35
-42 24 0 -2 18 47 -12 43 -41 -2 -22 -24 42 -20 -33 42 -20 -3 34 -40 -39 -2 -10 -25 -44 2 -27 34 44 43 -41 7 -30 -15 7 1 -21 -49 -24 -13 30 -32 44 -5 27 -27 4 39 -29 -43 -20 13 -9 -41 14 34 19 -39 11 27
46 21 -35 -33 -26 0 -32 -7 13 26 -43 30 -43 11 -27 1 -36 -39 28 20 32 -33 14 -31 42 -13 16 -1 -14 6 -23 39 39 -42 7 -1 33 -43 -45 27 9 -3 -48 -37 -40 -38 -43 -6 7 48 48 -12 -34 48 40 -2 25 50 20 6
24 -47 18 -23 -35 -15 -46 -18 -34 -3 21 -9 -24 15 11 35 -50 22 8 33 14 -32 -42 -17 -35 41 13 17 -23 -30 -38 28 9 15 13 42 42 -31 42 -25 21 -7 7 -12 -14 35 -44 -29 -4 -49 31 -32 -23 -46 42 -15 -13 -48 -33 -41
49 33 6 5 0 36 -7 31 -50 -21 14 6 -33 11 -15 11 -41 -33 11 -15 -23 -6 12 -48 40 -30 9 -17 -41 11 5 47 26 46 37 18 -29 -48 1 20 48 -1 -23 -17 34 -3 1 -32 4 6 17 10 15 -17 19 -47 -44 18 45 49
22 35 22 50 30 -26 36 41 -25 -4 -17 45 10 38 38 -3 29 1 -46 16 -35 47 -45 4 29 -26 -47 31 -4 -42 -22 34 42 49 5 -48 -3 43 15 -25 -33 -25 42 -14 18 7 -40 6 -11 -47 -47 44 6 -46 -2 10 34 -2 0 31
-4 -34 12 3 -32 -12 -47 -14 2 3 5 2 41 47 -15 44 -42 -13 -31 -7 -50 19 1 -33 -38 -49 18 36 -12 -16 -24 32 31 16 4 -29 49 6 -27 -26 6 4 -8 14 -44 47 1 32 50 18 4 -21 31 12 -10 -4 -19 31 17 28
46 33 29 -12 -33 -34 -40 -34 -44 20 36 10 -23 -17 -21 42 -21 18 45 -29 -41 -36 48 11 30 26 -15 28 39 44 41 45 -42 -32 -9 15 -27 -24 -1 -19 -50 -46 -7 21 -26 18 -1 41 8 -19 21 -30 3 36 0 44 47 1 -15 -10
32 -33 -5 -18 -37 -48 26 40 -33 33 1 6 42 12 48 -50 46 1 -14 48 -30 36 -41 -3 42 25 17 -14 -35 15 -33 29 19 23 43 18 9 -7 -15 -29 -1 -35 0 -1 26 45 -31 -24 47 -34 -11 -33 -7 44 -19 -21 -26 -17 -41 47
-21 -19 -38 9 35 16 5 42 26 36 47 -26 -33 46 37 -16 11 26 20 48 20 -22 -11 31 42 -12 -24 35 -44 -25 -42 24 10 5 10 8 47 8 -38 22 45 -40 25 -11 -23 -13 7 40 -26 -8 30 48 2 -17 -21 -41 -7 47 26 28
25 22 -12 2 47 26 41 -16 -41 -37 11 -33 -10 39 -31 -27 -35 21 36 40 -38 2 34 19 33 -13 -14 -23 41 31 -8 -4 -25 -28 29 31 -50 34 26 -48 35 -15 34 -45 46 36 -46 4 -28 -45 -33 -48 47 5 35 -37 43 -36 22 -42
-45 -44 18 -49 -5 20 -15 28 49 41 14 -12 28 -37 43 29 -38 -6 48 15 32 -7 45 18 27 45 -28 18 -47 49 42 -1 -19 -37 -4 -19 -39 -48 10 -49 -48 19 23 12 -16 -28 40 28 -39 -37 -16 31 24 17 42 10 -1 -46 11 -12
34 42 48 -2 30 28 16 6 2 -9 12 -18 17 8 31 -6 -3 46 -48 45 -11 -42 4 -21 -37 -34 -11 -41 1 50 -38 17 14 49 -17 -29 -32 -14 43 16 -12 -16 3 -18 48 -47 -29 18 -37 -31 -45 26 -39 11 -41 -9 -19 -3 50 48
38 35 -37 50 -11 -44 10 21 6 41 41 -18 -15 50 -33 -18 -6 -21 -16 45 1 19 -18 27 19 20 -50 44 -11 -23 -29 -33 30 -35 32 1 28 -48 -26 -42 17 0 22 1 -40 -39 32 38 44 0 21 8 -41 -4 23 28 -40 34 -11 -14
43 -12 20 -7 20 19 -24 -33 -24 39 26 49 -22 -5 23 -7 19 10 -1 42 -45 -19 37 46 -4 -43 -17 -7 -34 -21 50 46 48 -18 -41 24 10 33 -26 1 -16 -11 -31 -50 18 -40 -13 4 -48 -3 -45 -45 42 9 0 26 42 -8 15 -35
-27 -13 18 -49 -45 14 -26 40 -4 13 -47 15 -6 -13 4 36 6 -33 -46 -27 31 -3 20 -35 42 -24 27 -8 -39 -29 -15 -44 12 -31 -29 7 12 20 1 33 -26 12 7 -46 -5 -21 -37 0 -2 11 -29 -16 28 -16 -47 40 36 -2 1 21
11 -21 18 -41 -41 28 12 46 6 24 -17 46 -34 -24 22 -3 -33 -23 19 -10 15 3 -35 37 37 -42 -23 25 -12 37 -44 49 -48 46 -3 -8 28 2 -21 -37 -22 -9 20 34 19 -14 22 -6 -49 9 -47 -49 50 -36 -15 8 0 -22 28 39
-29 48 -49 12 36 42 -37 -2 45 23 4 47 -44 -13 26 18 50 16 43 -43 -48 -40 -34 -33 -37 -21 34 -40 -8 -27 42 -20 -10 -33 -21 -2 4 35 4 -1 6 12 -14 -6 -25 -10 -38 -27 -12 -27 -20 2 8 -13 3 2 44 9 19 -23
35 -14 -42 14 0 33 1 6 3 -45 34 1 -24 -28 -41 -45 46 50 17 27 34 -40 44 46 -27 1 22 -11 46 9 3 14 -1 3 -10 46 -31 -48 42 16 -28 13 14 -36 49 -3 11 -20 42 -27 -47 -10 24 -43 -12 10 11 -2 -2 -3
28 12 -31 16 3 8 49 47 22 -8 -23 -23 39 19 -38 1 38 29 -21 8 25 -18 35 -47 39 -8 -15 4 -28 -36 -7 -47 -48 2 -5 -11 -46 16 5 26 23 -2 -18 31 36 44 -44 -12 -39 48 -46 -3 7 -34 41 -12 12 43 50 -45
16 9 0 -11 -28 -50 -18 -30 12 37 34 7 -10 -3 18 32 31 40 33 -25 19 9 18 6 34 32 -7 -20 -37 -49 38 -19 31 13 -45 38 -23 -31 11 -16 21 -31 -35 49 -30 19 -26 16 -49 3 -16 46 -9 19 6 28 11 40 47 -50
-49 -32 -30 15 13 -41 9 -34 -31 4 -45 20 34 -3 3 35 35 -12 -38 45 4 15 -37 11 -42 20 -39 28 35 24 28 46 -40 20 -38 21 49 0 -41 28 -21 -9 -29 -8 -7 47 -5 -39 23 -9 45 -43 -47 -1 -18 49 -15 -11 8 5
-18 -27 -37 -20 31 40 -34 27 -29 3 -26 40 47 5 -21 -47 -24 -30 50 32 34 24 49 -34 46 -36 9 18 4 8 -9 31 0 -7 -3 -37 -16 40 44 17 6 2 25 2 -17 11 -37 26 -23 37 -13 48 45 -28 9 18 42 19 15 15
-40 25 -5 -47 16 -30 -28 16 1 -47 19 22 -33 37 39 -5 39 8 -37 8 24 26 20 -8 5 -42 -42 28 -19 30 -14 -6 -18 -5 -18 -5 48 -21 -8 40 43 -10 -16 22 -10 15 3 14 5 5 -34 18 -20 -23 -2 43 33 -18 50 -8
8 3 -45 1 -47 49 9 -36 29 23 18 -38 40 -31 13 41 -30 15 -36 -12 -28 16 -16 17 -30 0 50 -12 -30 50 -13 -22 -1 -12 -19 7 -4 26 -45 -24 18 16 -30 34 -9 2 14 -25 -21 -30 25 -27 27 -25 23 -17 -48 16 30 -13
20 47 -17 -12 -6 -50 13 -4 -23 29 40 5 -27 -11 -30 44 -45 -40 -26 -44 -32 -23 49 7 40 39 9 -28 46 -39 -16 -11 -39 -6 -39 -7 24 24 -31 44 15 -34 1 -45 4 29 11 -50 -18 -19 35 18 34 10 44 36 -50 -1 -46 -45
46 33 41 -28 -9 17 -7 2 50 1 -28 40 27 41 30 9 22 50 32 -22 24 -2 -13 9 -25 -11 45 3 -32 9 -42 7 -46 48 -40 23 -14 8 -26 -21 43 0 2 -33 0 -25 -16 -11 -41 -34 29 49 14 -12 32 13 -27 -36 -24 -24
14 33 -39 48 -35 -13 -23 25 37 20 -5 -4 18 -2 42 23 3 42 14 -43 13 -37 -30 -9 -46 -34 33 29 -33 38 -9 -21 -7 -6 12 1 -29 -16 25 27 -12 -14 11 11 25 29 -13 24 -25 5 -7 1 -22 40 15 21 -37 29 8 -11
45 31 32 -17 -23 -2 9 -6 -38 48 -48 50 41 18 -29 -45 32 39 -6 -15 12 -36 -11 41 33 -34 34 -13 24 -29 41 0 -31 30 10 -25 -3 -16 33 -43 -41 -5 12 5 -23 -11 7 -6 -29 -42 -23 34 -10 13 -6 3 0 11 -30 -4
