12 12 100
37 -90 93 -82 55 -72 -91 13 -34 -33 5 90
-8 -31 73 -48 -80 -67 23 -23 -3 81 35 -92
-24 43 99 -79 -74 -5 -1 -47 -77 48 40 79
98 87 -55 -44 84 11 -43 14 -50 46 -35 -49
-12 32 32 -80 -12 -13 -70 41 17 21 5 48
76 79 -15 68 55 -13 31 38 92 31 52 8
-39 -21 71 -29 -92 16 -35 79 -16 69 -78 70
-48 -6 61 39 75 -2 97 -15 18 67 -42 57
0 61 98 -4 68 -34 41 -90 82 -86 -8 -4
2 -23 -57 24 -51 27 -20 59 91 -74 -3 36
-90 -3 11 -70 -9 73 -55 69 -61 -36 -11 15
1 64 34 -7 -53 81 -56 49 42 -77 16 66
