50 50 100
-43 24 -32 56 -30 -15 -41 -25 3 -15 -14 -37 35 45 -38 78 38 60 -29 29 67 11 10 -8 45 -6 -20 13 -25 71 -32 61 69 56 63 -39 54 -33 -43 19 36 -48 71 -22 -42 -12 0 -21 12 -39
41 24 15 8 63 -48 -42 32 67 67 73 -35 -22 14 44 70 -14 73 -25 76 -30 67 62 5 -34 -3 34 -36 68 -49 -22 16 -26 -8 6 24 -9 -4 -46 34 58 47 49 46 69 48 78 -3 20 -3
5 -9 78 -17 7 -32 -6 21 35 0 -12 51 55 48 37 -11 40 -18 46 -37 3 5 67 18 68 67 57 22 -29 -1 6 -6 21 6 11 13 20 63 -35 70 -36 -29 72 13 42 -38 79 55 -48 -30
48 -50 21 32 -8 32 -49 -48 36 -42 45 -32 22 14 45 60 79 -48 58 75 -20 61 16 -42 -3 73 72 -47 14 -48 1 0 -7 28 -10 -50 -29 73 8 16 51 79 -37 -27 8 9 -49 72 69 19
2 2 -17 79 75 23 -35 30 -42 -35 -7 48 36 -7 -50 -34 -13 15 18 14 72 11 71 41 -34 17 63 28 52 -40 17 -39 67 1 62 11 -24 -15 -26 -23 -24 39 46 39 -29 53 -29 49 -9 41
66 69 -40 -12 48 37 -43 15 20 70 -25 0 29 42 71 49 71 26 -28 -41 65 76 -49 -50 67 37 7 24 18 34 -41 -17 22 46 41 -19 -43 70 -19 9 17 -10 45 32 -5 16 -21 -34 -12 -39
41 -30 10 56 61 57 -4 66 -25 -46 -3 10 34 -45 48 -20 -3 2 51 41 66 6 3 70 32 32 44 -49 -39 48 64 50 -19 -37 5 50 12 -35 10 3 -23 60 22 41 72 41 -41 42 -15 -49
46 35 -26 9 8 -49 50 46 -42 57 30 -21 36 -11 8 55 72 17 -6 -24 53 9 -47 69 41 56 -33 52 72 53 74 9 52 16 61 -32 40 75 -24 44 -18 -39 13 -20 29 41 -50 -14 50 24
-10 49 79 46 53 10 22 -24 75 -20 -39 21 41 20 -27 6 -30 -4 78 -24 -46 -18 -45 -24 33 74 -48 19 56 -19 -15 -15 -42 55 2 42 -32 -34 65 39 -35 -10 77 -1 3 29 53 70 71 64
20 31 24 17 -3 38 75 65 -49 8 -1 -15 -17 29 6 24 77 -37 -27 40 49 -13 -28 35 0 44 -23 67 71 66 -15 18 54 -33 64 -13 -50 35 15 51 52 0 76 37 -20 41 -6 17 -23 -48
71 -6 59 10 67 -39 -43 66 -36 -6 48 -22 0 53 63 -14 -5 -25 -44 23 -34 24 29 66 -26 43 -28 -10 41 43 -20 5 10 42 13 47 17 -38 76 18 26 43 28 27 45 52 -41 26 -30 24
9 50 -20 58 63 1 4 -35 13 67 4 -9 44 -12 46 2 2 12 -3 54 63 61 30 54 37 -2 -42 79 75 -21 -23 29 12 11 54 -40 80 -21 -22 -48 10 -48 50 58 39 -17 -22 49 77 41
48 15 49 -12 71 -41 -7 -30 -2 71 66 18 -4 -6 -36 37 -26 9 20 -9 -24 56 54 50 48 76 -38 52 77 -38 -4 0 37 -47 26 5 43 11 -3 55 32 33 9 -33 47 55 33 -25 29 -29
59 30 -29 71 37 -27 49 -40 -49 1 38 -46 57 -23 -19 61 32 -12 20 27 66 -14 18 -3 -30 63 29 -7 -4 22 36 51 62 22 40 30 40 -35 64 25 24 71 -20 64 39 52 6 -44 47 -16
41 52 61 -5 2 59 50 -13 51 34 42 -7 16 12 62 62 73 -32 29 -32 10 -38 79 2 23 53 -34 -15 45 16 -1 65 -34 -22 37 27 -27 64 59 43 60 51 -46 56 62 2 76 62 -8 67
-24 44 77 68 6 23 54 35 67 70 -42 29 38 -34 -22 73 -42 -14 -11 49 3 -23 67 -46 55 73 -35 -47 45 -3 -18 62 59 -25 45 -8 -12 -43 75 -6 12 55 -27 -25 62 -8 80 41 66 34
35 -31 -40 61 13 -14 18 15 -39 -8 -44 13 -6 19 45 38 -12 69 -44 -33 -15 -49 -18 20 -22 -40 34 74 76 -2 -46 42 53 51 72 -6 70 -20 58 12 -33 31 68 73 79 -27 4 59 -4 61
78 72 44 36 61 56 47 76 -14 76 -35 -34 -1 -24 55 60 -50 -18 45 -24 2 -31 5 -47 -19 -25 -44 46 -30 26 6 18 27 31 52 64 -19 -48 -31 -21 -18 13 -26 4 41 52 -2 51 78 -44
-9 65 -45 45 -12 42 -43 46 63 -10 34 15 -8 0 10 75 37 -23 57 13 -1 77 -20 -39 2 -36 -26 57 58 15 -5 56 7 -14 -9 38 -29 50 46 18 38 20 -47 41 34 21 -15 11 -40 76
44 75 33 6 47 18 44 -2 72 29 70 -50 78 52 66 -18 -5 42 7 17 -44 39 53 -40 27 2 5 -11 51 40 72 77 34 20 76 -14 34 -48 -22 30 -30 -34 76 68 -20 37 -19 31 62 31
17 29 19 -40 20 -49 -20 14 0 -46 20 52 -11 53 47 47 57 -11 28 75 73 25 58 -26 74 48 4 -43 -19 -37 -50 70 -8 13 3 -42 11 76 2 76 17 66 13 51 -8 20 50 -27 11 48
17 -26 -7 -1 13 39 -13 29 55 6 78 74 37 -46 70 -38 76 4 64 8 8 -23 68 74 13 28 -44 -42 66 78 10 -20 -22 27 3 9 -16 68 70 80 63 -10 -45 24 -45 -38 13 5 45 76
37 35 24 23 16 35 13 71 61 47 7 -18 -46 26 51 54 61 14 45 -18 50 20 68 -2 65 52 -26 -9 9 4 -47 80 -18 53 -14 9 18 70 19 -28 45 61 -24 -44 78 59 -43 -28 51 -4
-27 52 29 -45 40 69 -45 24 9 -28 58 -5 21 -18 -3 31 -38 46 -15 66 29 69 -10 -43 58 75 32 35 -31 -36 74 7 -22 -1 28 76 40 -17 -23 -11 -41 34 -14 61 70 15 33 -42 3 -24
51 -44 70 73 39 10 2 21 64 51 -19 32 12 24 27 49 30 77 25 -10 -46 72 4 62 -46 69 62 -34 -26 24 -25 27 26 -36 12 -9 42 25 8 -29 -32 -30 43 31 11 6 35 42 68 55
-34 -26 -45 -12 66 -12 46 45 67 2 30 12 45 -6 58 -18 55 47 8 73 0 80 22 -1 16 44 -14 6 -9 -13 27 59 -28 -48 -3 46 -44 58 62 79 70 29 79 -37 -49 57 -10 64 72 70
60 33 50 69 34 -38 -26 10 43 -38 -2 52 47 32 -19 56 33 -41 -11 8 80 -8 67 0 -13 -25 51 58 -21 12 22 -47 -4 48 -48 45 34 -8 79 -18 -4 0 14 -11 79 80 31 -6 77 -39
-18 72 79 -36 29 33 37 33 -46 17 14 -13 46 -14 64 -22 46 -23 -45 21 15 77 17 0 52 -2 -2 -24 -32 -19 -22 -48 48 15 21 57 -27 69 73 -29 6 6 -13 15 -8 50 74 74 72 20
7 -24 -14 75 29 31 73 61 11 31 41 70 9 33 -14 42 -26 -14 24 32 53 -42 -32 -20 45 70 43 -26 27 67 -38 77 4 -3 36 43 -43 -46 -1 -29 41 75 25 17 51 62 64 35 -15 33
73 38 -36 36 -19 -37 0 -13 14 -15 6 58 -35 47 21 -13 33 52 14 24 57 -14 66 39 77 -42 14 50 -27 -16 -15 -12 4 -18 3 55 38 -25 -41 -34 14 13 63 37 55 11 36 30 27 28
-11 64 23 17 -33 53 70 13 36 60 -16 -30 35 76 -26 -31 74 16 75 28 44 47 -5 70 13 10 -4 64 2 -9 1 12 14 26 52 31 14 11 54 -12 39 -33 71 -50 80 48 37 52 -23 11
70 76 0 -4 69 20 51 60 9 -5 61 25 -48 -7 5 70 56 -16 7 -14 71 -44 -50 22 23 -24 44 -40 -37 62 41 -34 -17 65 56 59 -35 12 7 5 13 1 31 56 -39 78 -25 -40 80 75
-32 -38 46 68 59 43 61 70 70 45 -42 -12 78 29 -38 50 7 76 63 -7 -25 20 -13 65 -47 -44 64 78 1 79 39 -47 -47 -26 42 -26 63 16 -23 -44 76 7 75 6 37 -8 65 61 -35 10
-36 11 41 16 -13 56 33 -17 -27 68 -39 4 2 11 -3 45 5 21 23 42 52 38 71 40 -16 55 23 78 -24 -28 -37 19 69 -1 70 -41 49 79 80 -47 -48 73 -36 59 36 -2 56 74 -14 55
21 -47 63 -47 3 -44 56 2 -21 2 17 10 49 10 20 -43 47 -14 47 48 52 -28 53 -27 68 44 64 -3 46 9 -30 18 36 73 68 79 42 24 80 19 42 79 27 -17 -12 -13 74 17 75 24
77 36 52 61 19 25 76 -16 -49 68 68 -8 47 65 -21 31 -20 2 1 17 37 -1 38 6 69 -7 -26 62 25 -3 58 38 34 43 50 -29 18 41 79 15 15 20 70 27 40 -22 10 -4 -7 34
-49 -19 53 -26 -15 2 3 44 64 36 39 -18 -18 12 -1 58 13 -18 -16 -31 43 -28 -22 -6 34 -47 62 -7 -43 65 41 -4 -21 59 79 69 1 -12 47 23 53 -3 45 5 25 -15 39 -46 73 50
52 -34 71 -29 -29 -4 15 -20 -7 -24 -44 -43 78 1 19 -4 -19 -32 -30 49 -50 53 49 -30 -50 -12 55 51 -4 30 78 -12 64 63 28 34 76 -12 64 39 -50 -16 -19 -26 78 -30 78 11 32 29
4 -5 49 -44 -47 -32 -32 47 1 43 53 -21 61 9 66 -5 -5 72 37 59 -14 21 61 61 67 77 -38 -50 -47 54 -48 1 71 22 1 49 18 -41 29 23 5 35 -39 -40 -3 -17 16 -13 19 -29
11 -8 70 63 71 -9 51 -34 7 -35 75 23 53 63 -1 29 33 11 -49 67 -43 -1 28 -50 74 -46 80 48 -19 -30 60 -22 -29 -41 23 33 18 30 18 72 62 -4 -9 -3 61 -48 14 9 70 -35
0 70 -35 13 -36 31 -39 73 17 71 74 28 29 56 -16 -42 32 11 45 27 -32 74 -40 -1 15 25 47 7 -7 -29 -33 63 -5 36 50 5 30 34 35 43 53 -16 -11 8 67 -1 29 -2 -32 54
80 79 75 -49 -36 75 -30 34 2 -47 23 -20 45 -12 -27 78 17 78 37 29 19 20 20 -10 -24 75 63 -24 61 -7 12 72 26 -31 -23 -19 80 1 33 53 20 64 32 -29 52 -42 4 -17 15 -42
-45 14 -46 60 44 19 -6 -48 75 40 80 20 29 -50 58 -12 28 -27 -45 38 -37 27 -16 15 -28 -30 -45 35 6 70 21 13 -36 -34 73 45 7 48 70 78 22 23 31 14 -11 66 -29 39 9 17
-27 -31 62 -18 -9 51 26 23 11 -40 2 47 41 37 -31 -43 45 76 -5 -50 74 13 36 35 -48 -49 31 22 -1 -28 -10 15 31 -11 -45 70 77 7 66 -34 80 11 2 64 70 70 16 -38 13 6
-44 76 -19 53 -12 -3 -42 -19 -12 -27 53 -1 46 -20 63 78 -27 -2 -32 3 25 32 64 30 41 54 7 -13 3 -6 26 19 -29 -2 -17 69 43 1 75 65 31 22 -4 54 33 55 -28 24 36 26
1 -43 32 20 73 -35 46 -4 2 61 9 67 22 51 1 -28 -37 65 30 42 28 -8 26 5 4 73 20 68 70 -14 76 32 2 36 50 -7 48 22 49 11 -46 -12 -20 59 36 -23 44 75 62 -43
13 4 14 -27 4 -29 -36 55 -9 -47 37 -16 43 -27 -44 -3 -22 -47 -47 -47 -12 55 37 -43 -29 60 9 40 21 -2 -39 -18 -15 -25 41 -9 -22 -24 -40 21 45 60 60 -20 15 -50 -46 -41 38 56
33 45 59 44 42 28 74 -13 18 -28 -20 5 -47 44 4 80 68 79 9 13 -23 35 -48 4 -47 77 66 14 21 7 7 -14 -7 38 -32 26 33 -35 17 72 7 -11 3 12 -16 16 -20 70 70 59
8 -32 27 69 52 42 -40 -37 63 78 -11 79 -9 -30 -14 -12 0 9 67 24 -19 27 -39 -20 19 -18 -4 35 4 13 45 11 17 57 -13 42 -4 31 32 32 74 3 19 -13 79 49 -16 -20 61 80
-33 54 -12 11 -40 0 -42 34 33 73 75 33 27 7 -23 -39 -15 -24 41 73 -13 -40 -4 56 -16 -22 -22 18 14 56 55 -3 58 1 -10 -6 -24 60 59 75 76 52 34 -10 1 79 -24 -15 50 4
