20 20 40
1 15 21 -18 42 -37 -36 31 32 -26 5 30 12 27 -38 11 35 40 31 28
20 49 40 -13 35 40 15 -13 -1 -26 -32 -47 -7 -48 -42 -22 -42 -36 -48 -31
-21 11 -35 -2 47 49 38 13 2 37 -39 -13 43 43 -12 5 -41 13 -11 -35
-10 -47 -23 27 -27 -35 -46 17 1 -31 -46 1 28 -49 -30 14 29 -28 13 -50
35 -19 6 -40 36 -49 23 30 0 26 13 41 49 40 -17 35 -27 -32 -36 29
0 30 -47 10 -8 -37 13 34 -37 47 44 -24 13 -24 49 -45 1 44 12 -21
-36 0 -14 -42 42 3 4 -40 33 -20 50 -30 -46 -17 46 -8 35 -20 -24 -12
-6 -11 29 43 -23 19 -34 -13 -19 30 49 -13 -29 -50 46 -49 22 -45 -43 -6
-47 -38 -29 10 -21 42 8 28 -46 -17 50 27 8 -22 -29 40 21 43 -48 14
19 7 -50 -35 -12 -40 31 17 38 40 -48 29 -38 -49 39 31 46 46 13 -4
-26 -32 -22 36 20 -9 -11 17 12 -7 -13 -12 13 46 4 -15 15 -40 38 -18
1 14 -31 -34 -13 40 -37 10 -50 38 29 28 -23 35 12 -12 -40 24 25 46
-26 20 14 -48 -9 -40 46 -1 6 -7 -31 -32 2 -48 -18 -6 24 10 17 -32
37 -24 21 41 26 -50 47 9 -44 -41 -45 26 1 41 -25 -3 -7 -47 12 28
33 -36 -42 -42 -23 -27 5 -20 -13 -29 4 -36 31 7 -22 48 -27 18 -31 -34
-33 7 31 25 1 24 -49 -29 -39 28 31 -49 32 33 14 -33 48 -34 19 -21
1 37 46 16 -41 4 -41 17 -47 -21 37 -21 5 38 -22 -31 39 47 49 -7
-36 15 -43 -15 -10 -50 -25 1 -23 -32 -43 -44 6 -26 -34 19 -25 -12 -43 -12
6 12 -2 -45 -47 9 38 21 -37 37 6 6 27 -21 -41 3 42 20 -45 -29
-44 29 -21 -40 11 2 -22 29 34 50 -19 39 49 3 5 10 12 8 2 0
