100 100 100
-79 45 -29 42 -16 14 -13 -82 -61 -44 -96 2 -11 -84 80 -51 -2 -25 -87 32 -59 24 -83 99 -35 70 -32 -43 27 -6 27 -23 37 -26 52 -56 54 2 -43 -87 86 73 36 87 -30 -76 71 -21 84 82 -71 -92 92 94 -72 -92 -56 -40 56 32 1 -2 -85 -4 -16 -54 -56 64 -67 48 -7 72 66 -17 -70 28 38 40 94 94 99 -79 80 -57 -52 -83 -26 82 -71 -30 33 27 56 -93 -98 19 90 3 -47 -21
-8 -77 8 80 60 43 -67 79 -66 -57 -42 -91 -96 3 55 -33 47 33 -79 -68 -35 67 97 50 -32 33 74 -53 16 0 82 -26 73 -54 -49 -64 41 30 89 -62 -5 -15 -36 -54 88 -10 -26 -9 -74 70 -72 77 92 -35 74 -12 37 -26 86 -72 16 69 -98 -83 -58 -86 -72 79 -19 -4 8 -52 87 0 -90 43 42 87 50 -61 51 -3 -83 -83 12 57 85 43 94 67 16 22 75 25 4 52 -37 37 8 67
47 -60 58 -32 74 -97 24 19 78 -19 -6 -90 -50 63 -93 29 -44 -52 82 61 -33 67 38 70 -91 23 -51 -62 -39 70 -40 -32 2 -60 39 99 -53 83 31 3 -22 -31 12 -80 11 -68 77 -96 86 54 -87 2 -56 -61 92 -43 92 -96 58 45 -41 49 45 27 -62 -47 -87 25 25 13 -52 -98 46 -38 74 94 -42 75 -26 -54 -41 7 51 70 44 58 -55 -52 65 -85 -52 89 -26 -44 -46 73 75 15 -64 5
92 44 26 4 56 82 -88 -58 -97 49 -33 70 -9 -83 -62 -84 82 16 -74 -46 -72 -80 63 35 -48 46 73 42 32 43 -73 15 -71 6 74 44 -29 -68 -50 12 -42 85 59 40 0 -96 -26 -31 -65 -51 -73 64 44 -74 14 21 -30 63 -45 -12 21 98 70 -60 -26 -60 1 0 87 -8 -86 -97 31 29 -51 -5 63 -30 -13 -27 74 -61 -63 15 -92 88 37 -31 98 24 41 73 -16 53 45 45 0 99 -59 -35
29 89 87 57 90 -62 27 54 -15 -5 -27 -84 37 12 -94 -80 -58 40 -67 -88 72 24 -57 -93 59 -70 23 -25 -92 87 60 75 83 -68 -80 99 -30 16 -81 52 37 -62 19 96 87 9 -51 7 29 -40 -71 62 88 -91 -38 12 -21 -42 -58 86 56 -18 85 49 66 -96 88 30 29 79 73 65 83 -29 -89 -2 -49 -83 5 -50 -16 -26 -46 76 6 0 31 -43 -58 50 33 50 73 -57 41 -84 -77 68 98 97
-40 23 -26 19 -16 12 -6 -56 -49 65 -19 -66 18 -48 91 61 79 32 47 20 -63 -2 26 -20 -21 7 46 16 -7 -28 -48 -72 -19 88 61 16 -3 58 44 -27 73 0 11 -77 68 -23 -72 -36 28 86 1 -69 -45 -63 12 -29 -77 92 -83 -61 81 35 -52 60 -90 -70 -56 73 -26 51 2 36 99 76 57 62 69 78 74 -19 29 54 45 -8 -22 -52 -24 -36 -18 -70 -37 -16 53 94 14 13 20 78 -79 -82
-37 -52 -32 -70 -62 66 46 7 20 33 -27 86 -6 44 97 -45 51 -6 1 10 -98 -75 -75 -36 -95 64 -28 -48 57 79 58 58 74 -87 4 -37 29 -51 66 -5 45 -41 -38 35 27 -93 -98 -48 19 49 -2 10 16 -31 39 3 93 -62 8 -47 20 26 -84 46 -51 -70 72 24 9 -14 33 -28 68 57 -59 93 29 37 -99 -43 -81 -33 -91 41 59 93 37 75 71 -78 70 4 -89 -46 15 -50 23 -78 92 -85
41 -82 93 0 -61 7 -95 -94 30 -18 96 -5 -83 -55 -31 93 -39 -54 -53 -5 -43 -97 1 9 -13 -88 42 -53 60 -37 18 12 18 -36 -42 -15 -93 99 14 -36 -76 28 -76 64 -91 62 44 69 -21 -16 91 25 58 43 9 47 -24 -37 -89 59 -44 69 92 11 -35 88 96 80 -54 -26 -79 -61 -4 11 -22 -53 -79 8 -36 -15 -32 80 90 9 -46 53 -5 -86 -4 47 -36 -40 -68 6 -5 -17 98 69 -56 -50
97 -55 43 14 66 44 15 69 -92 86 -16 -33 42 -81 -73 99 -56 58 24 -21 29 -14 -93 97 8 15 97 -88 35 -36 29 -96 61 -58 93 18 15 -12 90 36 85 13 -7 57 -17 61 10 -36 63 -75 56 -3 -14 12 -57 98 0 -50 -66 93 -17 -92 45 98 1 -92 -53 24 -83 -84 -47 98 1 -17 38 74 32 -49 -20 49 73 69 82 97 -25 -30 -31 -28 -83 -53 -67 -62 82 47 -20 71 77 -6 41 22
-23 43 48 21 -69 3 -2 -49 24 -25 42 -20 -3 50 -14 -75 98 -82 -89 -95 -99 19 88 32 1 -53 -82 -64 46 37 -24 42 -70 70 -16 80 -56 26 47 -4 -72 -65 91 -40 -78 -25 83 -32 -12 -8 58 -5 85 -73 23 77 -61 45 37 -15 -76 81 -19 -34 -94 -94 64 -3 41 84 55 36 -29 -91 -74 40 64 -39 51 -39 7 76 63 -77 -63 -93 54 -45 20 60 14 94 -8 51 -86 -18 30 4 -44 -60
20 23 -79 -59 47 -77 98 -84 -30 8 -70 -48 -23 65 -60 10 -84 76 62 -78 -97 -8 -44 -18 -5 19 -70 63 91 -97 86 -76 -61 99 -27 23 -92 82 -2 64 45 -75 -13 35 -16 1 -70 -39 -55 -99 -43 83 38 50 -74 -55 3 0 77 -41 8 13 -86 -61 -16 -17 -98 -23 38 -95 -28 70 -38 68 -78 16 45 -63 -25 -74 77 -11 -58 -8 74 -7 23 -5 84 -43 38 -69 25 -36 -73 92 7 -44 28 -53
-84 -81 -1 36 -16 8 -73 13 -28 70 41 -35 -38 29 -13 -90 53 -12 -28 -78 -95 65 -80 -47 53 59 38 -63 54 -86 -34 -85 15 -1 18 -92 -92 57 26 -9 36 15 61 54 -26 55 -45 12 17 19 62 93 -78 -21 -75 46 -69 18 64 0 -99 29 -38 -85 75 35 -67 75 56 -57 71 92 -90 -4 -72 11 88 -85 -61 -78 65 -55 -57 -73 58 31 21 78 -43 38 44 59 50 -44 -44 91 29 -5 74 -87
-47 6 77 -93 -11 49 96 -30 -58 67 60 -30 96 39 93 -54 32 34 72 -40 97 -4 47 4 5 -41 -82 -99 -62 -12 -62 34 -24 -3 21 3 70 90 52 -90 -37 -16 4 -59 5 56 24 -6 25 -54 -97 49 43 45 -91 35 59 51 -86 46 -73 10 45 -30 -26 -52 -23 62 11 -83 42 -81 -84 82 -50 -10 -53 25 6 87 79 -61 33 83 -51 89 -44 0 -27 -11 38 -57 -83 64 84 96 52 -31 -22 -56
-4 -66 -56 -64 -46 -73 -24 -9 6 60 -60 93 -32 -6 80 -20 34 -89 80 -76 -33 8 -51 -14 -42 34 36 -99 -83 49 -42 -45 75 29 62 76 -34 -41 50 -73 64 81 88 -79 -9 42 -42 -32 44 97 68 12 -9 25 -2 14 28 83 -20 48 64 -74 75 -21 93 -30 -66 -32 30 -98 45 -38 66 93 -55 -8 46 -42 72 -80 -78 60 5 51 -73 -31 -31 -85 -30 -79 -47 -79 58 -55 -12 -52 23 -66 -12 -47
94 -45 -12 -96 16 44 94 45 26 28 -71 91 71 81 66 69 46 -22 7 87 20 0 -40 75 56 -66 47 -29 -98 -22 84 82 30 66 -61 8 50 -39 -41 60 22 21 -6 -18 28 -74 62 11 -44 6 -48 42 79 55 99 -17 11 -67 -98 6 -39 40 47 58 40 -5 -79 -23 99 84 47 -67 -18 -20 31 -63 -11 -31 -37 -68 -10 86 -59 2 42 -98 32 27 6 59 -39 -13 95 70 -73 24 -78 -87 50 87
-42 0 -95 -1 -78 32 98 13 78 68 -34 -2 76 -4 -60 37 1 28 48 -28 -14 -21 -1 -38 62 -36 -62 -96 -63 4 74 -66 80 39 34 48 51 47 83 -17 86 90 -97 91 75 -7 -57 -70 43 8 67 -42 24 -97 18 -44 16 94 -11 -66 74 -1 -96 22 54 13 -96 44 42 -24 36 -4 -70 -16 -36 -61 -26 80 -93 41 -82 24 -96 -26 59 -81 -84 44 -31 49 88 -68 54 40 75 33 -75 -54 10 62
29 -87 34 -86 -79 -92 35 -89 89 72 -47 -89 37 6 2 -14 89 -4 85 76 67 -40 -64 24 -75 16 91 -34 70 -61 -55 95 76 34 56 -89 -29 -99 -33 25 -65 -67 -36 59 11 -35 -96 -60 43 48 -49 -48 53 40 -70 53 -69 -38 15 -3 64 42 -4 43 -89 60 -96 74 -83 -50 -95 -52 84 -99 -17 -15 -26 -81 -24 94 46 -61 -36 79 -7 47 -36 -30 -24 -11 73 -55 -59 -19 -51 -10 53 -9 11 71
60 -18 -43 -14 43 28 -48 31 -5 36 -47 -45 -50 4 -61 -85 88 -49 26 -90 32 25 54 -54 -70 97 82 60 89 -29 -26 80 30 77 -74 96 -87 49 -26 56 -64 -36 61 4 5 -2 -79 27 66 67 69 50 -69 10 -24 -21 -6 10 38 28 -68 94 -49 59 -79 -76 45 13 54 -91 -85 -37 -79 -39 91 -29 55 18 48 98 -84 -7 -60 14 97 25 17 -62 21 16 21 46 -40 -70 62 78 -47 21 -88 -16
94 95 68 -34 4 -36 62 98 11 41 90 -78 25 67 48 6 24 -32 -10 26 31 29 -66 -20 76 -70 -7 -78 -57 85 -52 34 -78 47 93 60 -97 58 22 7 -94 -76 -88 67 -24 -88 -33 75 -70 -50 -69 94 37 -30 36 71 -16 -46 54 84 39 -90 -58 -95 17 -53 76 86 -72 -61 -17 96 41 0 7 -44 79 91 -35 -17 27 90 -24 40 -82 42 90 13 45 78 -78 40 -82 32 42 -90 -71 -78 -68 63
-12 48 -81 81 -21 -48 -36 51 42 53 6 3 -4 -75 -46 -60 10 -72 -51 4 88 -10 33 -88 -18 71 -37 17 64 -21 72 -77 55 42 30 50 -58 -58 71 -2 -99 -14 -51 -77 -24 67 58 -87 -82 -12 -37 96 2 57 -12 -4 -32 -8 43 33 96 4 -61 -90 28 -81 -49 -55 17 -61 -26 83 87 28 18 42 -98 76 -88 -6 37 -72 46 -86 69 57 15 -93 71 -97 -12 15 90 -36 0 -85 68 -39 7 12
22 64 16 43 -36 -4 -69 -95 -94 -9 31 -2 -36 1 74 64 -93 49 42 -97 19 -7 -69 -69 44 -95 22 -60 69 -75 90 83 34 -17 -27 -9 -47 51 -32 34 -85 -6 30 49 -48 -59 -48 66 54 -96 -46 86 -3 -2 -35 -7 15 -54 67 35 -83 49 -13 33 -72 36 45 -44 -58 -98 -28 2 -14 85 85 -14 -78 88 -54 -48 53 -95 2 75 58 64 82 62 -74 -38 26 27 -38 -81 44 -83 -26 49 -3 75
79 67 17 24 -94 71 -64 27 52 -64 -48 64 36 13 65 -4 -84 20 -94 -90 90 -34 84 -10 15 61 -93 -35 37 56 23 68 -24 14 4 -39 -79 -25 81 -99 56 -80 97 -5 3 -61 51 27 79 -30 81 22 91 -80 -9 -90 -47 -45 -85 -73 -86 -27 13 32 40 87 -69 55 9 96 -80 49 38 19 2 45 12 -64 32 52 52 -35 24 60 -96 -3 -7 -48 -87 18 38 60 -73 -9 85 44 -60 45 -43 -75
-54 -48 -56 -37 32 30 -81 -37 -14 -63 -91 6 70 3 -28 3 31 -15 -38 -6 93 -46 -58 69 -68 52 -12 26 8 58 71 37 -36 -3 -57 -93 72 -41 -74 -58 -91 86 74 -66 95 28 -1 70 40 82 69 26 24 -60 -13 37 42 -26 32 15 39 -25 93 36 96 -27 66 -71 50 -41 -2 -44 27 -54 -43 61 -44 -6 3 -67 94 99 -86 19 29 36 96 93 -28 -12 -42 89 91 -8 -64 14 -96 96 -37 53
-77 -5 75 90 52 83 8 56 71 -63 -88 35 86 -72 -78 -80 -36 -86 90 80 93 -62 65 -89 -50 48 10 38 10 -68 40 87 41 -90 56 10 -44 84 46 -95 -7 38 19 70 -97 5 20 58 78 55 -49 19 -87 12 20 -81 -3 -34 20 94 -34 53 5 14 20 -38 73 -41 -27 76 -16 34 67 22 -24 -88 94 -88 94 -60 83 27 88 -91 60 15 51 -3 -57 44 -96 9 55 51 58 63 3 19 16 92
0 -66 95 53 -95 -36 1 10 8 -91 -7 -83 -45 1 10 -4 98 -41 12 77 96 -71 -44 57 -46 -74 30 -89 64 98 -59 -51 -3 79 20 -52 -24 13 3 -4 -81 71 -73 -78 62 -34 -82 -93 -81 72 -76 69 27 -58 -29 -41 -64 -43 -87 77 3 26 64 40 -79 13 -44 19 -51 67 61 12 -36 -47 -60 -66 40 -76 -22 -88 74 -6 33 63 -33 -44 38 12 -63 38 -4 -2 18 -25 -33 -71 53 -88 -66 -55
-46 -30 9 -19 -56 -15 31 42 51 85 -83 -6 47 -90 84 -72 -56 -14 8 29 20 -59 64 20 38 -1 -75 21 12 35 10 50 -17 43 -86 69 -11 12 -30 -17 -82 79 26 50 -16 -49 -16 43 47 -5 30 -65 48 48 -70 67 -83 29 -26 -31 -63 -12 -58 -93 24 23 4 26 90 -42 -51 5 -3 -59 90 22 -42 -6 1 35 30 -43 -54 99 79 -41 -30 -21 -92 -57 50 3 -98 -15 43 -70 -71 -11 -61 43
37 27 59 3 -31 -13 60 30 -94 -71 -34 -22 -24 -74 95 3 29 81 -77 40 -76 -37 -84 2 40 58 -5 -20 11 34 70 26 78 34 21 50 -84 16 -21 42 -40 57 6 -76 96 -34 46 -23 81 -95 -43 -87 76 61 96 88 84 46 -94 -98 45 -2 49 -74 -73 7 51 -66 -23 35 -14 70 -82 94 -54 -32 63 24 -3 -72 -54 -4 1 -94 -61 -50 14 -35 93 -61 -21 -85 70 -67 86 -60 -41 -14 -74 -49
22 1 51 40 -33 34 36 -77 81 -75 -26 74 63 -65 82 -25 -56 -41 -15 -21 56 -65 47 -50 -12 -33 25 -22 12 -41 53 -20 -79 12 40 55 29 81 -42 43 14 -28 32 -49 68 49 -9 -14 -8 -41 -43 -9 90 -20 -25 -78 -38 46 0 -5 -14 -76 70 78 -66 -84 -86 0 22 -77 23 97 58 13 -75 67 -73 9 75 -11 -91 37 -95 43 -23 -33 -13 55 81 -74 -87 -8 -22 24 42 16 -81 -97 -5 5
54 55 -30 -99 70 46 97 49 0 -34 50 6 -16 -40 -33 18 -42 -68 -62 -48 -94 -94 24 84 79 -46 -68 -60 -3 -87 -96 -91 36 -76 -97 -20 -98 -56 29 33 43 17 -8 44 36 36 43 49 73 -75 -91 63 50 34 92 30 -22 12 -72 45 18 -38 89 68 -64 -83 82 39 70 -73 89 -66 -56 4 6 -47 -54 58 -69 -21 -42 9 -52 84 62 -95 -94 -97 24 -82 -16 40 28 80 -39 84 -12 -31 -60 -34
85 28 82 -86 -18 -83 92 97 57 -40 -78 98 -91 -7 62 24 83 -77 77 -48 -34 62 17 10 1 -89 26 -66 19 96 -3 89 -77 -40 -28 -19 35 -43 -50 17 44 89 71 10 84 -36 90 -65 -80 39 56 75 -58 -10 -28 86 -25 40 89 43 -78 -73 5 54 83 45 83 -11 -89 68 36 -31 -93 76 -3 94 43 20 -34 -16 -95 -46 -85 82 -41 -14 21 -85 -16 3 -20 -49 -18 -36 13 81 -66 88 40 35
77 -53 41 -12 42 -40 77 46 -66 77 -82 -84 -31 40 -43 96 83 -52 36 -82 -78 77 -39 40 14 -71 31 42 -98 40 93 -67 0 28 82 -48 -86 -8 -12 -62 -28 57 3 -76 -29 88 -16 -49 -88 54 -19 33 -52 24 -79 -60 33 -49 32 -85 10 -72 -75 72 -60 -34 -27 -79 -92 -29 -32 22 98 33 45 43 33 -99 22 -74 -97 -37 -80 -93 15 14 -87 -75 46 42 -48 -6 -52 -7 43 24 86 88 89 -67
-55 -91 18 64 -78 19 93 -41 73 23 -69 -51 -90 76 -59 -31 8 -36 86 -83 -78 -42 22 85 -72 89 -11 -64 26 72 -96 5 4 28 34 73 -26 -19 91 -3 -62 17 -3 -75 51 78 32 -40 4 70 -48 -50 59 -67 -31 -92 28 15 62 70 7 -60 50 -66 -2 -35 9 -26 -79 90 17 68 68 -13 3 70 -93 -5 -58 -3 -53 8 49 -97 54 -51 16 25 57 50 -71 3 5 -75 59 30 98 35 97 68
-45 -63 7 -73 -28 51 95 -16 -16 67 48 47 -28 66 14 34 32 -66 15 -19 17 85 15 19 -5 7 -43 -20 -60 -35 -51 -29 -68 -80 95 -31 80 75 -20 -24 -13 -50 -40 -11 12 -54 -19 47 -21 92 -84 -36 41 91 -24 -16 80 46 -1 -81 21 28 -89 76 35 51 76 43 92 -66 63 -65 18 -26 -88 78 65 23 41 94 10 -21 26 -56 -10 49 30 76 23 -18 3 -41 -98 -88 -42 -44 47 90 -23 41
32 -83 -24 -7 -94 -50 37 -48 -78 27 -14 38 -28 22 -46 1 -81 90 25 -12 -13 -36 82 60 5 -21 96 30 76 7 49 30 -10 -9 47 -66 -58 37 30 -43 -98 95 -32 -15 -30 -67 1 -5 -50 -46 38 -78 -74 23 -87 -39 -51 -57 -40 -36 29 52 -21 -69 -84 -59 -30 -19 -52 4 82 -44 -12 -90 -97 91 -23 -97 -34 -34 -2 -73 -92 -7 -72 68 67 44 81 -75 -56 67 6 -46 -56 -98 22 87 -71 8
74 -34 81 -10 -39 -32 -66 -44 91 -3 -58 -2 -26 -24 -31 97 7 21 -54 7 -53 -5 74 -35 38 -12 20 20 52 41 74 66 0 -81 73 76 -4 -21 36 93 73 34 -14 24 -15 -53 -80 41 39 -50 -20 59 83 -31 73 -11 85 -24 45 72 78 -48 -14 -14 67 -65 72 83 -6 64 -55 60 16 38 -84 18 1 29 19 14 -99 1 -37 -11 28 -61 -41 -75 37 15 84 90 -99 49 5 -89 15 -31 -15 -15
57 -44 -41 -71 -61 50 -19 -61 54 -39 24 -88 -74 -66 -19 96 -90 -52 41 64 43 87 -32 -46 -17 44 -32 -40 -25 -14 -53 8 -51 -64 71 16 57 54 -9 52 -28 91 52 -52 -21 -12 -47 -6 57 46 -68 -52 53 -17 22 55 50 59 -60 -29 77 96 -75 88 -42 28 40 83 -16 -16 -15 -59 -22 -83 51 -87 -12 -54 -40 75 -8 33 2 27 7 39 66 -36 -41 95 84 -42 49 26 -20 -60 -28 71 52 8
59 -86 32 32 26 10 64 -23 76 5 -88 -20 99 -13 -83 1 46 6 -49 30 26 34 -7 44 -56 -90 3 57 10 -84 -78 42 20 67 -35 63 -1 -41 97 -45 96 43 78 -12 28 -70 -24 12 -30 -19 88 -85 31 34 18 71 10 31 -18 49 -50 91 -41 87 66 -52 -89 -45 -94 -38 52 -23 96 -54 96 33 88 98 36 52 -88 -63 54 -6 83 2 10 -11 96 83 63 99 -69 72 38 23 -7 2 23 2
-44 98 -7 -51 -78 16 95 89 51 73 -81 24 -71 -71 52 88 22 -10 47 62 44 41 93 -24 -40 81 -4 -26 -10 23 24 17 16 -7 13 -42 10 -32 -32 -20 20 -83 75 72 -55 90 -16 63 80 -8 -94 66 24 25 13 -45 -31 19 30 -88 -88 86 -73 -77 88 -50 -32 4 64 -75 -98 36 -40 35 52 61 10 -99 -23 31 23 -44 -80 23 70 33 58 92 20 64 -31 -80 -59 8 -91 -48 98 16 -57 -69
-82 -39 49 40 29 47 26 -38 -94 -16 57 -48 -58 -98 58 2 78 76 -38 27 -94 -56 69 59 55 -46 -91 54 38 57 51 30 -71 92 -75 -49 -14 -15 -68 -5 8 44 78 26 -10 -70 -84 -19 74 -86 19 39 12 -73 83 -91 -36 33 -37 22 93 11 -95 39 56 84 2 -29 -86 27 7 -44 -44 -1 57 39 -78 -44 49 56 -54 -21 86 -76 56 -34 -8 -47 34 36 70 29 46 -34 74 72 -15 -22 -11 21
27 94 45 25 -82 -23 41 -47 15 -27 47 30 43 -76 50 -13 84 88 -58 59 36 33 56 -40 -60 22 95 -41 62 -36 18 -71 4 -74 8 89 56 53 -96 -91 79 -13 58 -44 -21 -59 27 -17 70 72 39 75 -71 -97 -21 -55 17 -43 66 -94 -99 -93 -79 -29 -83 67 15 -46 -67 -84 15 26 53 81 -71 -70 95 38 29 -89 -15 -29 85 25 -63 -60 -11 95 -86 -39 -87 34 39 22 23 2 -32 81 83 -68
-30 62 44 -61 5 -44 -2 28 -2 -30 -38 13 -70 51 -86 -87 14 51 -64 98 60 -94 -75 -91 80 -64 13 -10 20 -60 -6 -83 -83 8 -47 59 63 51 38 40 19 99 96 -85 -69 -72 50 55 43 21 29 -41 21 7 -48 74 89 18 75 14 68 96 89 -83 -11 77 -2 45 21 -42 -17 -66 89 73 -67 17 81 23 -13 16 35 -19 42 -77 -50 94 77 -10 -7 -77 90 -66 -97 84 -60 -83 -5 72 3 1
-66 10 58 -78 -1 -51 -69 38 -64 -88 -24 4 -1 -58 -24 -50 67 -59 76 25 48 -89 -98 -80 39 -89 79 -53 75 -54 16 76 -80 -45 -76 -68 -62 -5 -19 -63 -24 42 32 -60 70 -6 63 46 56 1 -44 61 41 -7 -20 58 -71 68 71 -46 -37 -7 51 65 -43 87 0 68 -44 -40 4 54 16 11 67 -77 -17 36 31 -69 -5 6 16 27 19 57 -39 10 13 60 -24 -75 -10 -80 83 11 -44 -22 3 -51
97 -60 83 -23 -70 28 20 99 64 -80 -31 -32 -44 36 -77 97 28 5 -92 85 64 -67 12 30 82 49 -84 67 22 12 -54 39 73 -92 -71 2 -80 -20 -71 -71 -93 -29 -5 -32 10 -18 35 92 -27 -51 46 -93 -80 14 -34 -49 95 47 -19 -34 -12 -79 0 -87 54 -82 15 10 -78 -98 -10 48 -38 61 -75 -15 -45 14 75 -56 89 16 -36 73 75 45 50 14 -52 60 78 20 86 47 -94 -5 -59 -98 45 55
63 -94 98 8 79 -56 2 -76 53 -19 -70 30 77 77 14 32 -41 45 -27 -5 19 -21 29 -78 -59 -54 94 83 94 -62 85 42 3 -82 -88 70 -93 -83 34 -70 28 79 43 -24 -38 18 -23 9 59 -21 73 -24 -47 -24 24 5 -27 52 -38 95 75 -84 96 52 61 8 -18 12 81 90 54 -70 -68 -17 95 51 -97 -66 60 9 -4 23 -82 24 -79 -35 77 -76 -64 16 0 -12 37 -61 70 14 21 -4 91 -80
-23 -79 -71 30 -53 -88 -10 -95 -18 2 -29 -50 -17 35 36 -84 25 -56 -29 -96 -26 27 -6 35 -3 -76 -40 -33 62 42 51 59 -43 75 83 -16 52 -35 -70 98 17 -56 -25 61 96 84 -12 -59 -37 54 -89 -45 97 25 94 85 35 64 -54 63 25 -76 -32 79 50 -30 43 -12 -46 -77 12 40 85 -39 -95 -49 10 53 94 -97 26 -17 68 63 -88 97 -52 -28 27 -99 42 -31 82 93 43 3 -51 -35 25 84
88 40 96 49 -73 -2 -47 10 -7 -32 -94 -19 -93 29 -87 -4 16 71 28 -95 -24 54 21 -70 64 21 43 35 -61 -99 12 97 88 -10 -60 91 9 16 6 3 -26 -64 -64 71 -48 -26 3 97 -57 -8 -28 -64 -50 -44 20 -32 68 -82 -36 25 36 94 79 28 -19 54 -8 -20 -68 -79 -17 78 -51 76 -73 45 46 7 66 -39 16 -18 -88 -97 11 -82 4 19 -80 -56 -40 71 -14 78 68 -9 -10 61 68 37
-45 -37 -34 27 -93 -12 49 -43 62 -65 -76 22 -41 42 76 -48 85 63 36 67 -95 -65 -49 -85 63 -72 48 79 70 -80 12 34 -65 71 -6 88 -35 80 -95 36 9 -94 -42 -36 87 -13 59 -58 -40 -4 6 5 -26 -57 -47 9 70 1 -18 99 -98 16 29 -79 58 -76 76 80 -94 44 -11 -38 86 15 -18 -83 -18 -25 11 46 86 64 33 40 -61 31 76 -12 7 -1 -2 37 95 15 -46 89 -93 73 -89 64
39 -16 -38 -11 90 -28 -30 -13 -46 -19 -83 83 43 96 0 -40 -58 74 -71 64 70 -29 -15 -79 61 63 -82 49 -76 89 -36 17 4 78 -89 87 16 -36 60 63 -95 -13 54 -19 -61 67 20 -6 -80 -38 12 30 -19 -92 62 96 65 52 14 88 -49 19 -7 93 36 58 -47 72 51 57 87 -56 71 -75 -2 51 -54 94 -36 88 -60 59 -8 -10 -5 19 -88 -47 -90 -48 98 70 87 -13 -79 -38 -99 -6 -97 3
48 65 -88 75 82 -61 19 -19 30 -21 -61 99 -70 -53 29 -40 28 54 -24 57 -79 76 56 -92 35 65 -35 -66 23 -94 -66 53 53 -55 93 15 -35 -16 -50 -26 -45 -1 7 64 -51 82 47 70 -9 46 63 25 87 91 1 25 85 72 -93 37 -40 26 52 -91 43 -65 19 34 -60 28 53 -58 78 -24 64 -69 -83 6 -67 -37 59 -96 -59 -84 -1 2 76 25 -70 -94 20 74 63 -2 -42 -98 -76 17 -27 49
90 -15 85 -22 -44 -51 36 -39 84 -66 -66 -8 69 -48 -59 -30 -31 29 54 -43 -14 -60 13 97 81 80 -85 74 -71 -11 -66 21 98 -18 -31 -45 -62 -34 -58 60 96 28 -72 23 -14 58 23 5 43 6 71 -83 -62 95 -49 69 -43 7 -52 52 23 -9 -90 93 -93 25 -15 -10 -30 -45 -37 -84 -71 -68 21 -95 -27 -30 -88 84 -6 44 -43 -89 -6 -90 66 -66 29 60 45 -31 -33 -23 6 51 -81 -69 -20 -85
60 -10 44 -7 17 -33 84 60 -13 -85 -43 -14 -8 67 38 59 95 -5 17 10 -31 -66 -41 6 -85 -84 22 -5 -64 -2 -39 70 14 89 -38 3 -70 -67 -50 29 -85 -1 75 66 3 -53 3 -5 43 44 92 -65 -29 69 -67 -73 -49 -16 -79 3 88 3 32 -19 32 -45 -84 -31 -37 -25 -55 59 -94 -59 76 -7 -79 98 -27 -70 -95 -38 -57 -81 30 51 -23 -66 -42 -26 26 -65 35 -66 60 -53 43 29 8 27
5 -13 90 49 38 72 0 -52 35 84 -42 54 5 65 -16 22 -63 -55 -69 15 76 -42 94 -40 99 -73 -59 -19 -93 37 98 -39 13 7 43 -61 -13 -63 49 23 34 79 -61 6 70 86 -78 -49 74 -38 60 -64 47 -49 -26 27 -70 -6 -4 11 -57 48 -55 63 -65 -48 82 -82 -45 -43 -12 -42 -66 -63 -15 66 -50 -34 98 53 26 58 -71 -95 71 48 11 1 -26 98 49 -58 -64 77 -65 74 -16 -49 -80 -50
8 -98 76 5 9 54 65 96 26 -72 -54 -5 33 -63 -71 46 11 -39 -85 -78 8 -57 16 57 -1 -45 82 -18 -31 -54 96 -16 9 19 71 62 -63 -87 45 -61 77 71 -3 83 70 46 15 -3 62 -60 22 76 -63 -87 -26 89 -26 -81 -33 -50 -42 -40 -87 78 82 -97 -41 5 -83 69 84 -54 -57 -89 75 75 -28 -20 -95 -97 12 -79 34 -3 61 73 32 -53 32 89 -71 -10 -46 -42 -96 -63 13 -42 -48 24
84 28 37 -83 -7 -95 37 -96 -97 12 -57 -41 -88 -19 12 64 11 -33 -72 -82 -61 -67 70 -41 84 -80 -40 -90 -82 -62 29 87 -35 -30 57 30 57 -8 35 14 22 29 41 -62 -57 13 -84 -98 79 -51 -41 4 59 -6 -74 -41 -59 -27 75 -8 43 73 -69 -57 -49 26 57 -89 32 -75 46 34 20 60 69 -73 -53 55 64 -19 21 -79 -12 53 18 96 -11 -59 -89 -79 67 -39 28 75 -43 49 94 -64 -85 93
71 -68 -51 33 -17 20 -5 -78 97 -44 76 83 54 -68 41 91 -30 76 50 96 -23 -86 -82 -98 -22 65 -27 46 -88 -14 -65 29 -69 55 -84 -2 -10 95 -51 -97 95 -22 -69 -27 56 -93 -95 -9 64 50 -70 68 52 -19 -95 18 -9 47 75 -46 -88 11 53 13 89 -47 -53 89 52 24 87 89 -28 -69 -98 57 -93 50 60 -65 -19 79 10 8 -88 -34 68 85 -37 -32 -84 35 -63 -78 -99 -82 -41 -43 4 -81
-24 -46 -65 -46 20 -33 26 -78 -58 -17 88 89 -4 37 -30 -19 -74 -77 78 -1 49 -13 -16 68 90 -25 3 64 -55 -52 -49 6 29 -88 41 75 -6 -78 -93 -64 96 1 63 -5 -19 -57 -84 -34 -6 -82 99 28 7 12 -7 74 3 -24 -83 84 -15 -48 72 51 11 6 -82 16 -21 38 -29 -91 33 80 88 42 67 29 -15 -15 -55 98 59 90 -83 95 -48 -12 -28 7 27 58 10 73 -44 4 -20 -45 -25 -84
-9 44 77 34 -53 78 -38 -2 54 8 75 -90 5 89 -84 15 -10 -34 36 58 84 -36 80 41 80 32 -54 -79 60 89 -15 25 -30 -58 -19 14 89 -71 -85 76 -69 3 50 53 59 -4 -79 -56 35 -96 -86 -88 28 20 -11 -61 52 23 -48 -27 -97 88 79 -89 57 -51 -69 -67 46 -87 -62 4 20 84 66 44 60 -64 88 -70 -11 62 81 86 -48 30 -44 98 -87 56 -85 -86 -44 -91 24 -17 53 -40 7 -14
-68 -11 -83 18 38 -66 -24 -42 84 37 64 -57 -15 78 68 -97 67 58 -49 -84 -89 87 -65 4 62 52 -58 97 -46 -48 -81 -52 -13 65 -31 -60 -34 -20 -70 -89 -58 -91 55 -7 82 -67 95 -76 -19 -81 38 -36 -46 -50 7 86 -4 -33 -76 -43 21 -23 -65 38 51 58 -27 -37 44 -5 -96 70 36 -27 -35 -59 74 -46 17 26 30 -32 -88 -68 -49 -43 93 51 -8 47 -48 42 43 -97 22 -74 -41 97 -30 -67
-88 -32 -26 47 33 63 56 -45 -52 -54 -20 -67 78 43 91 -50 71 -97 -18 97 14 -32 -94 15 5 74 46 -80 73 62 96 3 67 28 42 -34 -6 93 92 -78 17 -5 94 79 -77 -6 65 -69 78 -76 -44 -62 -44 -53 29 -84 -47 -16 29 -20 19 -92 -13 -24 9 -10 -24 61 -20 -12 -4 -97 -71 66 -98 13 -48 16 79 32 2 -93 -4 -1 -92 -51 -8 95 63 3 93 -89 -47 66 -97 32 -39 75 -65 15
-90 -49 52 -62 -10 -63 35 -6 -48 -83 10 -9 62 78 47 -47 20 -47 29 85 -90 -86 54 93 -42 54 -66 63 77 -77 44 23 -33 -65 -22 -15 -28 -5 27 61 -93 49 -36 -78 81 -47 78 50 41 14 4 63 58 45 -40 24 48 -68 -64 9 -90 45 -9 58 -68 -33 -83 -90 -95 -89 -28 -33 59 -20 75 -79 -60 47 93 -79 -84 -63 75 -14 -58 73 17 -21 -34 -30 -10 54 -63 -29 22 73 -24 -42 -91 -44
19 98 -8 -91 -16 22 43 -71 46 -34 -79 -27 48 -65 -37 -77 52 84 -70 76 -18 -80 10 95 35 43 18 68 6 28 89 18 72 -16 -26 62 51 97 -74 64 -56 54 86 -5 -91 -97 86 -13 -55 -20 -33 18 32 -52 68 9 74 79 -48 18 -79 -22 25 -33 -49 -59 96 -15 25 -55 -55 95 33 5 13 -45 94 -53 91 7 -96 4 87 81 45 28 71 51 -12 -20 -40 16 83 88 42 -81 -63 22 40 78
1 -20 22 31 47 -75 -47 66 -2 -13 -80 56 78 83 86 -75 81 -49 -50 -77 -25 55 8 64 -82 50 99 -96 43 25 42 57 69 32 35 66 45 61 -16 54 77 88 10 -80 -57 -46 -16 52 -71 50 -65 -96 90 95 -41 -57 -87 35 47 -5 10 26 -93 -54 -83 -58 -37 -33 84 15 -49 -43 -18 -71 -37 -38 -95 -33 -36 80 37 -59 -52 -13 -75 -28 35 15 -51 27 -30 49 -92 -84 62 87 -42 29 76 17
-49 -73 -75 -74 29 -4 73 -5 97 16 -29 71 55 -17 11 12 -72 99 90 88 -25 22 -23 -34 2 -5 -29 63 4 -40 10 79 -41 -48 73 23 -7 -4 69 73 51 79 -20 -67 90 14 -92 -4 -56 -94 73 13 -4 -37 -58 -42 -44 -87 57 -26 63 -53 96 59 87 -76 -6 25 -84 41 37 -32 27 8 -4 18 49 87 -18 3 -49 31 -37 23 85 70 -32 16 26 -5 -28 27 -62 80 95 -21 -26 25 -20 20
-36 60 95 92 -53 -62 -13 62 31 66 76 76 52 63 33 -5 -91 -22 -80 46 -67 49 -71 -53 93 -68 61 -30 -11 -87 85 75 35 -73 57 -92 -6 12 -53 -24 67 27 -5 -95 81 -66 -13 54 61 0 26 -2 -75 -40 39 35 58 -51 -52 76 -35 59 62 39 91 -73 30 53 -49 -75 35 50 49 -74 -31 -45 -65 -80 23 -97 67 -72 75 -65 -18 91 -90 -28 -45 -4 0 -75 -6 17 90 -66 87 25 -47 81
-7 -88 -28 90 0 -4 60 -58 -95 -20 38 -45 49 31 22 30 11 22 42 19 38 12 -37 -17 -98 15 -86 -33 -25 64 -6 58 92 -42 -25 -55 69 -45 95 91 12 18 87 -60 55 -3 -19 -93 -85 6 35 13 -44 84 -58 34 -94 29 -98 -78 -97 -96 -52 -40 84 -76 22 -90 -62 59 -72 -56 7 14 -76 -37 65 -14 -37 96 -6 -85 -18 -25 85 47 5 -26 20 -19 -8 94 -53 -55 42 -57 -67 18 57 -7
-52 -18 -28 15 -29 -36 -67 -21 -13 -92 73 48 76 -40 72 -32 2 11 -82 9 -9 6 79 28 -19 -64 63 9 -69 -70 50 -85 -95 -57 8 2 -24 75 55 -14 -75 -50 -15 -82 52 -96 -74 -30 -59 -99 71 59 24 -83 -43 -89 -61 -28 29 74 99 25 1 -90 8 -96 -22 -18 28 -33 68 95 -21 -20 -74 44 -56 -81 -77 -65 -66 -14 89 -41 55 6 47 -23 -46 91 -80 33 -75 81 -61 -13 -77 -90 49 -55
62 72 -26 -4 -23 11 -40 11 98 57 74 -1 -57 17 -42 -17 16 -20 2 -28 17 -51 11 89 87 91 -78 -59 -92 -51 25 -77 6 -31 72 25 78 2 42 46 -71 -84 -47 -57 -8 89 22 -7 -33 -45 33 89 -80 74 -60 -35 62 -6 -28 74 17 89 -68 -3 -13 -86 23 32 -96 57 -40 27 42 -27 27 -6 33 44 -72 23 31 61 51 34 -20 13 -91 90 -76 70 4 -64 -97 -54 28 -38 -10 -24 -82 -23
69 -40 -6 73 -24 50 -69 91 -49 1 12 89 -71 -24 61 -44 -21 -78 -55 74 71 -50 33 -10 78 -56 67 -12 -65 40 10 0 53 -92 -10 86 -4 -15 -79 -47 86 -41 -89 -12 -27 -13 -35 -81 25 -98 -90 -90 36 75 99 9 -81 -9 -33 93 66 -68 -84 -44 -2 -91 87 11 96 -43 -43 -56 -17 -3 87 25 -57 -5 25 99 94 69 23 31 -54 -32 74 15 63 69 70 8 27 92 12 6 -25 -16 -12 39
-64 27 87 73 41 7 -96 -45 12 -86 -65 -83 20 -47 3 51 -79 -41 -8 74 11 -89 -46 -89 -80 -24 41 -33 48 -99 92 -57 35 1 -2 64 -4 26 -53 -90 -52 -63 83 -26 33 24 63 -33 13 -6 -20 98 61 59 86 88 -85 47 -95 24 82 39 93 5 -25 97 -4 -47 -94 -98 37 67 -83 1 87 -17 93 -31 -22 83 4 -32 -68 -87 38 -62 -97 8 -28 50 69 83 68 -9 48 22 2 81 22 85
29 31 86 53 77 58 -72 -95 26 87 20 20 -64 48 33 -79 30 -21 -69 -81 -15 78 -37 25 -7 28 43 -97 23 -3 45 -77 20 -45 -27 -63 56 6 81 8 -19 -45 22 -26 -19 20 36 -28 -11 31 -6 45 41 31 43 -21 40 -33 -7 -66 75 33 64 -96 -74 26 68 99 69 18 52 -54 -26 97 -19 -9 -93 13 -14 -38 60 -45 -52 -7 25 92 64 -17 -78 37 43 -84 -75 -75 -95 -20 56 78 42 38
67 -47 -90 13 13 49 -11 25 -55 99 90 31 -12 88 -59 -51 81 -75 73 58 79 81 -35 95 0 20 24 -50 55 23 58 26 -73 9 -51 -46 -93 25 -98 81 -77 -30 53 36 -24 -17 19 7 19 66 16 2 17 -45 96 -35 -74 14 -93 -11 -42 51 -25 49 53 -66 96 -45 54 -14 2 6 -7 -78 10 -58 25 -62 -77 -87 -22 6 0 -6 34 -76 3 -7 -12 11 -64 54 -5 99 16 75 -16 -46 42 -16
-76 -26 -63 -40 -25 3 55 -40 66 -73 -44 -81 88 -92 -38 -10 26 -66 -56 32 -63 -68 54 -52 63 -81 34 47 -83 -27 36 55 -28 -94 -84 83 -49 3 -19 82 -42 74 -81 -71 82 -50 0 59 -46 11 77 45 -17 38 -32 -16 51 3 41 -43 45 -88 26 -39 -11 -86 -91 29 61 -72 8 -54 -45 -19 -92 23 18 57 -90 -15 -99 61 -77 39 1 10 12 -13 -87 -72 16 -92 -40 96 54 71 29 -57 -82 27
47 -74 -80 -99 43 60 44 -73 17 31 -84 -72 -47 -66 94 -63 -71 2 85 99 -70 -54 30 -84 46 6 -8 6 4 83 38 -43 42 28 62 -58 1 -59 18 12 -72 89 -63 27 -78 92 37 37 -35 49 49 -94 -19 55 -82 -91 19 -72 -58 92 26 36 63 72 -24 -58 78 44 4 59 -55 97 -1 58 -78 4 80 -55 92 -47 37 67 -74 -98 71 4 -56 -73 56 30 -34 41 0 52 15 -55 -23 -79 -96 -38
92 2 -31 47 71 46 -82 22 -97 -86 -40 9 72 -84 33 -34 7 15 -64 59 65 91 25 74 28 -10 75 -13 99 -35 38 -38 98 99 0 -30 -83 -27 -4 -39 -14 31 -26 -88 -79 67 -12 87 50 59 -52 36 79 40 41 -75 7 -9 -75 -6 62 21 14 -45 -79 28 -92 -46 -99 -30 -71 75 -6 78 28 -57 34 -57 32 33 -68 -15 -66 -95 65 -52 31 -94 98 74 -60 -60 -22 -19 -80 99 -16 9 57 69
54 -18 -86 4 -82 -20 -86 32 55 -29 -94 19 -26 56 71 85 51 95 43 43 -74 -63 -75 42 91 -53 -54 -66 -24 78 -88 93 -64 34 45 -39 77 74 -84 22 28 -5 -22 39 29 12 40 52 -8 -82 85 -57 -27 92 -20 33 -27 -30 -27 40 49 18 -38 56 98 -38 -84 74 56 -88 81 66 -80 74 47 -69 -52 7 11 -15 40 -78 -3 54 54 61 -31 89 -8 -87 -85 -86 16 -47 -4 26 94 80 77 -16
34 55 24 98 98 -58 -60 -20 -93 -59 -80 -19 -54 29 -21 75 -85 48 -17 34 45 -16 47 -37 19 87 -38 57 69 -81 46 -90 -81 14 -83 32 -8 80 -87 -82 80 -9 -69 -20 51 41 -71 14 25 1 78 70 93 70 -59 -91 63 -90 -93 45 -35 16 -34 49 14 -90 -39 24 91 -18 -82 -78 37 82 -31 34 -36 -28 38 59 -12 79 -61 -87 90 -61 -5 -83 83 -19 -96 -67 -13 -5 13 49 -47 -59 56 -52
-51 20 3 12 11 -47 -75 -22 18 47 63 -89 68 59 76 -79 -11 -31 -94 0 9 12 -76 -23 0 18 -78 -68 32 -77 63 -81 49 46 -21 -6 -38 84 51 22 -52 -94 -77 50 -72 -9 33 36 -64 -49 -1 82 32 -74 -33 77 3 65 -7 -33 -58 79 72 99 69 -6 20 -88 -86 -94 92 -42 79 63 95 -65 -48 73 49 43 -60 -43 -39 1 10 -10 -72 -19 52 -7 20 69 37 49 70 98 84 70 -74 -6
-46 -8 95 20 69 -80 25 70 -70 -15 57 40 75 2 44 -27 -75 19 -2 16 4 70 27 1 0 -50 71 -28 32 34 -4 -20 29 -4 63 -39 -29 16 49 8 -93 82 87 -94 75 51 59 -6 -44 39 -69 86 -25 -18 -64 35 -22 44 -14 17 43 53 24 -13 19 -83 98 -26 30 40 4 -56 61 1 -69 94 70 77 47 38 15 23 43 10 -57 -47 93 91 -89 6 88 50 -87 42 33 48 -2 33 -67 -33
-40 93 -49 -13 -35 -12 11 42 -12 68 81 -74 71 -45 -53 -15 -48 92 -54 2 2 -74 82 -7 99 61 75 38 -33 37 -8 25 -67 -42 51 26 -79 -27 43 -34 16 25 -6 57 -38 -36 -50 -15 39 -13 99 -89 -13 -31 98 -47 -9 -16 -35 -53 -7 98 64 82 51 90 93 -73 24 28 41 57 7 26 47 -55 -20 -3 -11 -30 39 -31 58 9 -73 -83 -35 -56 34 -39 79 77 70 66 37 -81 80 31 -39 -61
-94 -26 -19 23 7 96 67 78 87 -58 31 70 -20 48 -45 64 -54 93 -62 -36 76 -42 -40 42 -12 -63 22 21 -19 63 -32 84 -15 41 67 -51 -7 72 40 64 -94 31 -62 68 87 -17 17 28 -34 36 -29 -78 24 -48 -94 -98 -65 -83 -35 62 42 -48 -9 38 82 -59 67 34 70 -61 -82 17 50 48 -66 -76 49 -57 -31 26 -31 -35 -87 37 -18 -2 -16 96 91 27 -97 -41 -48 70 1 49 78 -71 -22 -11
73 91 -56 99 70 51 -60 -25 83 43 29 99 68 -93 -27 -22 -86 -33 20 43 -97 -33 -95 69 -77 77 0 -51 -16 -57 -43 36 -33 71 -4 52 41 -19 37 6 2 -53 -18 -66 38 -95 -73 -77 50 71 5 8 -58 -18 2 70 -34 37 -48 10 -63 -3 -73 44 -22 -34 -89 -3 -33 53 -60 -85 81 -8 39 -5 -82 14 42 -35 81 72 -43 -34 -87 -71 -79 14 22 98 -85 23 7 -14 -28 62 -73 8 -46 33
-84 -32 -78 -88 -76 -65 -93 61 70 33 85 -91 -39 76 -75 74 -86 78 82 1 27 21 45 23 -75 -51 4 -16 -34 -22 -44 -27 -49 33 -47 -17 65 71 -12 88 -7 -22 50 -65 38 2 50 1 -27 47 -58 -24 -21 41 61 -46 84 6 99 81 42 -65 41 -59 -2 -28 33 -35 -99 -19 49 81 -88 -61 93 9 -75 -86 -91 -73 -86 64 -24 61 71 79 -24 10 8 -45 95 75 -34 -54 98 40 -86 -81 58 72
23 -79 85 85 -21 20 -65 -61 94 -45 35 -54 -44 37 98 28 94 -3 98 30 -51 -59 60 -69 8 31 -24 87 13 87 20 95 -48 94 54 64 79 -59 56 45 85 16 -73 63 -17 -48 -21 -40 34 -62 -99 95 -47 51 -42 -11 38 -48 -45 -53 10 -93 70 9 -60 -17 74 92 23 94 35 95 29 -68 -22 -1 -62 8 53 -16 73 -76 84 71 -2 59 -87 42 52 82 -58 -76 -50 78 -72 30 31 15 -37 -47
-46 26 12 35 -78 82 11 -85 -39 -48 -80 9 53 -78 -86 1 -76 77 12 58 -21 -55 10 -93 0 -9 2 87 68 31 -36 -53 -58 -45 23 -9 86 -2 79 -44 -10 73 5 52 -51 -88 -54 -96 -36 34 -92 53 -62 71 57 28 -68 40 -64 92 23 85 18 -49 -14 -84 -67 -69 -23 81 63 -88 -44 -56 96 -84 63 21 -94 -18 85 3 -53 20 -85 9 80 68 -28 -97 -67 67 -70 -90 28 23 81 88 -97 -58
44 -47 7 16 53 78 15 -89 93 -79 -58 81 -20 -64 -30 -68 24 -18 -94 -83 16 66 91 13 82 -85 -72 65 88 -68 55 -48 -69 43 -82 18 73 7 -61 -7 1 28 -30 -38 71 -68 -84 8 -92 -40 -15 45 17 -31 -58 -90 -91 57 77 -40 -73 -84 78 -65 13 -69 -37 43 -64 -64 79 34 -58 -92 -2 28 -23 -99 20 45 -61 -6 -63 -30 -72 -11 -92 49 94 41 2 34 -21 59 86 -20 -7 -62 -58 -1
87 86 -57 84 69 -66 -67 -3 -87 -33 75 89 18 14 7 52 25 -80 -23 -94 -74 -84 -78 -70 26 -9 23 88 -28 -2 13 36 -91 24 -70 -31 -3 -37 40 -35 87 -67 -21 -36 -22 94 70 -33 54 -33 97 -70 13 9 17 -2 -93 20 -71 -96 -90 -6 -32 -48 -27 61 72 97 -62 63 85 -58 -91 80 -85 -63 -91 56 96 36 -46 16 -16 84 32 -5 35 -27 -74 0 8 -14 -35 87 -41 -9 -84 55 95 -11
-37 47 61 -84 -23 -96 -32 -11 -33 64 87 91 56 31 42 -20 -12 25 15 -37 50 67 -43 -60 89 48 33 -26 -31 76 22 -55 -57 -59 -11 -79 -43 -25 -14 -52 -94 99 6 13 26 -12 43 -61 82 0 94 60 43 -34 -95 15 -98 64 67 -27 95 -58 -27 -26 74 -83 52 -30 -23 -51 -22 -45 3 86 -91 -75 56 76 54 -5 -24 -36 38 1 61 -11 -59 41 12 66 -97 97 50 12 -41 -65 -47 -41 -67 -11
90 -44 -20 -73 70 96 84 -4 66 -35 35 28 -71 -25 -25 -34 60 41 -82 92 29 -70 73 -88 -12 63 25 64 -98 -69 7 83 19 73 -72 96 45 -54 -17 44 -24 0 -20 -33 -72 -98 -4 -82 54 38 51 24 23 -54 -55 19 -77 -52 -23 -87 -94 -92 -54 -64 8 -74 50 8 -2 -3 17 -67 32 -59 -93 -85 90 -40 86 -3 58 45 -80 4 -75 -50 -89 72 1 64 49 6 13 -87 50 77 36 14 -60 -16
57 24 95 -32 -58 29 64 89 -3 -88 -4 -79 11 70 -5 -23 -69 -11 -73 -30 94 92 -93 54 -63 45 52 17 -58 -12 18 -73 82 15 -45 37 11 -20 2 -43 -45 63 -30 56 -80 67 -86 -64 31 -76 -87 -79 -59 -9 42 8 47 87 -90 43 -40 42 -64 50 -3 -96 -37 74 9 -74 25 24 69 2 16 14 48 70 9 49 15 94 82 -20 -62 -5 44 -64 -85 -36 -55 89 -11 -18 -93 -49 52 -97 -85 58
97 75 -63 -19 39 59 36 -81 -73 60 -27 -63 62 52 14 -81 15 21 -67 15 -28 14 -91 -64 56 -40 -28 66 -38 -31 35 79 35 -80 38 95 96 -85 97 72 79 93 65 61 -47 95 -86 16 -38 -67 -46 68 -89 -78 49 75 50 76 70 83 35 -58 -86 9 -88 -42 -9 81 0 57 28 89 -39 44 -30 -71 60 1 82 65 -36 69 -81 -32 89 -16 41 44 56 -93 -98 0 45 -64 98 -36 77 -94 85 98
-32 57 84 -33 87 61 2 -38 89 91 52 39 -62 -15 -68 -37 -72 43 -75 29 89 -90 -70 59 -41 15 -97 -95 79 88 -91 -47 86 30 85 -58 38 -92 -93 94 5 -30 -14 24 61 -87 62 -53 -29 87 32 -74 -40 19 -87 18 -58 -79 68 -26 -73 -20 79 93 33 -94 83 -97 54 92 -75 39 35 -83 -64 -49 -91 -36 74 -6 -34 -81 -70 10 73 -15 40 13 85 7 34 -41 89 -69 -93 -46 85 88 20 48
39 4 57 87 72 25 -76 -72 -19 -70 28 -41 52 -50 9 -64 -35 33 61 90 78 -27 64 -41 -28 -94 0 7 -19 66 4 22 -38 -24 -62 -89 2 69 -4 -87 -21 14 11 74 -35 -59 -42 70 32 6 -43 -54 74 65 55 53 34 -54 62 -89 -15 4 -27 -19 -84 -46 92 92 41 99 30 -94 -4 33 -55 -49 -31 63 28 -37 70 87 69 52 18 -57 2 -33 -62 -24 93 32 -37 81 91 61 -7 -36 13 61
68 -17 -66 22 -10 16 -93 45 58 -99 -99 3 66 77 -31 -5 54 75 54 68 -64 63 56 -15 37 21 20 -21 -53 -23 18 27 23 -72 -92 22 -85 70 -57 -71 90 -16 -49 96 8 -81 57 71 54 80 -1 -24 80 -45 8 29 -2 -40 51 -38 61 44 -77 -90 43 24 50 -22 50 49 57 84 -83 57 -82 -5 7 36 30 -39 20 -81 -20 -48 85 78 -97 -64 27 45 -96 82 81 95 -96 10 -5 41 22 76
75 18 -48 -27 -14 5 -31 93 -24 -69 -52 -82 -51 -32 -93 -96 58 71 -11 -75 -93 -25 -72 -71 83 5 36 7 7 -40 -87 -55 -2 -10 91 -30 9 66 35 -97 -46 -14 29 45 98 -53 49 -15 -27 -80 -53 -9 76 -13 -99 63 70 -4 -44 26 3 -92 -25 63 20 55 36 92 -39 -48 8 -90 40 -5 -72 25 61 -11 -24 -4 -6 -46 83 -21 -91 2 30 34 -92 33 -6 -27 -31 -44 22 -46 8 52 -92 75
7 -12 -56 49 69 97 -78 -82 -47 -26 -52 -18 -45 -82 3 43 36 18 -48 95 -7 -35 -87 -70 23 -75 33 -17 89 -38 -8 97 48 46 -6 -99 67 47 -79 95 -45 59 57 34 -55 97 71 -80 -44 -84 66 -48 -83 48 -32 91 8 45 79 34 -13 48 -65 47 44 -54 71 89 -11 8 -5 -89 -24 -49 91 90 -11 65 83 -79 92 -17 67 17 66 89 -87 -97 -99 -39 -68 -34 88 50 -52 63 -47 -84 -14 88
-79 92 -20 96 -77 96 1 65 -97 -67 65 6 -65 -76 -53 -45 92 38 -6 49 2 -71 -15 18 -24 -77 69 -71 -9 -2 -90 -52 76 22 71 29 -37 -40 98 -9 -34 27 3 -85 32 54 -10 2 -94 -9 92 65 -53 15 3 76 -40 -35 35 -64 -24 50 43 97 0 67 -39 -67 -6 -50 -74 -61 -11 -47 -21 32 65 -31 -20 -19 83 -76 46 -3 -38 -30 40 70 80 22 -57 94 -82 -62 17 12 97 -24 37 7
-91 -48 -13 -35 42 -3 40 54 42 8 -71 -45 -73 -42 -8 69 6 86 -16 -23 42 -48 -16 -9 23 8 91 15 38 -24 -14 -97 61 1 -52 -32 -72 -78 -7 -76 -99 -9 75 -30 70 26 -38 20 99 5 12 -46 75 24 -18 57 93 -45 87 73 -49 40 -82 46 -60 -57 -93 -39 -25 -95 75 97 40 -49 -42 48 77 8 16 -33 -77 43 -61 -65 76 56 57 -28 -72 80 -11 -67 31 -45 41 -23 -45 -32 52 66
43 1 20 -57 59 0 8 -72 37 63 45 3 -43 -68 2 -32 67 9 -46 -74 53 -93 -54 52 68 52 -3 14 -15 15 74 -75 54 79 -11 6 81 59 -45 -77 -28 -36 35 7 -57 83 -63 -53 69 58 -16 89 -6 93 -70 4 -20 76 -82 -9 -99 -32 22 -50 -8 21 -26 81 28 -65 -45 -72 98 92 2 99 15 52 43 9 -35 56 20 10 -65 -81 17 6 82 -16 99 48 -28 53 -24 -61 38 50 -72 -60
-49 -26 -5 83 -38 -87 56 46 -25 7 -21 -58 -37 69 95 -48 -9 -62 -94 53 17 77 2 44 -5 48 -90 -2 32 -58 32 66 -40 -61 23 42 -31 32 -62 -7 83 -4 -96 -91 5 -90 9 88 -60 -83 -72 -76 24 4 -86 -52 -38 72 94 82 16 12 -96 -8 -33 3 87 -96 59 -60 16 -68 65 -52 65 53 95 1 54 39 22 -96 42 36 72 26 17 41 63 60 30 -74 -46 -73 -87 -41 -58 19 -9 -56
32 3 89 -31 -92 -1 -50 31 98 -84 86 3 72 -42 37 60 -73 -49 -8 -16 16 23 -86 39 -55 27 -3 -11 -16 -13 -26 -46 82 68 -14 -81 -8 -28 64 11 8 33 -10 -42 -11 -49 -2 -25 13 -4 -51 82 68 -80 -30 -19 80 4 -76 -49 -9 50 33 38 69 60 29 -21 31 94 -50 7 16 19 81 63 1 -33 38 73 -45 -72 92 23 -70 -78 52 -45 -18 24 -44 25 -78 34 -3 10 -87 51 38 -9
