40 40 40
-18 16 -6 25 5 29 -26 4 11 -32 44 21 7 23 33 5 32 0 2 38 -10 18 -29 -2 -29 -20 14 35 45 2 18 43 -15 36 12 40 0 -27 -36 6
-5 -30 -37 -3 38 9 -37 -12 48 -39 17 -32 -18 12 21 13 50 32 -28 -8 -10 18 -28 -7 -41 48 45 5 38 -19 36 21 -20 -32 -21 -40 -20 -39 6 10
17 10 4 13 -49 -45 -39 -44 43 -31 -6 5 18 -39 -48 -34 -28 -37 36 -49 -15 -24 3 5 -9 -30 -22 6 28 36 25 42 20 20 29 30 45 13 20 12
-7 -49 19 35 -48 20 -11 -6 4 -27 28 10 17 -46 -6 39 -49 35 -4 5 -46 12 1 10 -39 -32 -7 24 -43 -49 27 3 32 22 11 46 25 -33 -2 -34
27 31 -18 14 7 -23 -48 17 -20 -46 23 16 35 43 -41 -20 47 14 37 47 -21 21 26 -38 42 23 -31 -7 2 -38 41 23 2 10 16 -10 11 13 11 -31
-5 14 -30 14 37 23 41 -48 -25 5 21 23 -44 14 7 5 32 26 31 46 -49 10 25 15 -12 -21 37 -22 44 -49 31 -49 42 35 -15 -49 -25 33 44 42
47 -29 1 -5 1 -35 -12 -16 39 -42 0 21 36 50 -16 20 -48 41 -9 -35 -47 43 17 45 47 16 -46 -48 -44 9 27 44 1 47 14 -18 -44 -4 21 6
24 -40 30 40 -40 15 -45 50 36 47 4 -15 40 -50 48 -36 -7 -24 43 -10 33 45 5 20 19 -1 -39 2 -13 12 39 30 49 34 10 23 -19 18 35 -12
-13 27 -19 -26 1 -48 -13 -15 -10 -14 -4 -18 6 5 -48 30 -9 -22 9 -34 -40 -39 23 26 -44 -42 43 -15 34 30 -39 41 -3 5 -35 -15 -26 -5 19 18
16 -21 -5 48 25 -33 -10 41 38 24 34 -14 -6 35 -3 -10 16 -38 -23 11 24 -20 48 -47 14 -48 24 48 -1 -17 -5 12 17 23 48 -33 29 25 8 5
33 26 48 36 37 9 17 -3 10 -46 45 -39 -21 25 21 39 -49 -38 -29 -36 6 38 12 26 11 -22 -48 12 49 39 -1 -3 47 -4 44 -11 0 -13 -19 5
35 -23 -44 30 47 19 40 33 10 -22 -8 26 -40 46 15 47 41 -15 -12 12 18 -27 29 29 -8 6 -35 -45 30 44 -42 41 -23 -20 3 27 37 47 -9 -44
-15 -23 -40 28 44 10 -12 -5 18 -26 14 42 -36 6 -8 27 -22 -46 -36 -28 19 -46 10 10 31 34 -32 -7 34 -9 -35 -48 28 -13 22 -18 17 -21 34 -36
-34 -30 -18 38 -41 -4 -40 -48 -2 28 -10 -46 8 22 -34 44 -3 -42 -40 -41 12 -36 -35 -11 -27 13 -18 19 45 -4 -2 26 39 -12 -43 -30 12 6 -30 -20
-28 -50 23 -24 -29 49 -42 -44 -27 10 25 3 27 -22 -16 -28 -1 -3 44 -44 39 -50 15 32 -48 24 -36 36 47 -3 -4 22 18 -6 -29 -29 -42 6 -21 29
15 -9 -15 4 34 27 -1 -37 -9 30 -39 -13 -11 -15 31 50 11 20 27 -33 9 29 -20 -30 -50 11 35 20 27 -16 -23 23 46 -27 48 15 -49 -7 21 18
-23 -8 -18 -21 2 31 42 -19 -41 -44 31 -1 -37 -10 26 -13 39 44 37 -8 7 39 18 -18 -42 -13 9 10 -25 1 30 16 28 33 18 -25 20 17 25 -2
39 49 -13 12 -48 -45 -9 -41 22 -15 39 31 8 -16 -34 19 -29 1 -9 33 -6 -26 9 50 -5 -24 21 35 32 -1 36 22 45 -42 -14 -42 -37 11 41 9
-33 7 37 -31 42 -6 35 26 31 4 -48 20 11 -7 14 -38 -43 -4 -23 -24 18 -21 -46 -40 -43 30 -4 -29 47 46 -5 16 9 15 -48 42 -30 24 19 -36
-21 49 33 11 -50 -34 -13 -50 5 -11 -1 8 6 -15 25 -15 13 -48 26 -4 -28 31 -11 -33 -7 -36 42 -25 -13 16 -8 -10 1 9 6 15 0 15 -12 8
-45 -30 -11 -13 27 -43 -14 23 -28 -15 -39 26 -13 25 4 47 -50 48 0 23 49 -2 -34 -30 49 -50 -29 9 37 19 45 -20 39 -8 32 29 49 -5 -15 39
-21 -42 -16 -44 -1 28 -8 35 -33 -9 2 18 -13 -33 -12 -3 30 -12 -22 -49 28 -29 21 11 10 -31 35 -39 27 -18 -20 20 -23 -29 40 44 36 -5 -35 21
25 13 0 6 -1 7 -28 -43 -6 -39 42 -18 48 35 7 -36 -50 26 13 -19 -20 30 -11 -32 -9 -44 -30 21 15 -15 22 -8 -10 -32 -13 -30 11 -12 40 48
44 -34 -30 10 -43 31 37 21 -3 46 -23 25 17 -50 46 -20 -40 -47 41 4 46 -19 36 45 29 -40 34 20 0 -9 24 36 9 -29 41 -22 13 50 -38 8
-30 -7 -41 6 -18 -4 -30 -27 -38 -20 20 33 27 26 -10 -45 15 27 5 -15 47 -44 46 37 33 -13 36 46 -28 41 49 9 4 -30 43 -1 22 -6 0 -6
-26 -11 -24 19 20 -13 19 -14 -5 29 -25 26 -35 -7 14 -19 -48 -21 49 -37 29 22 -50 48 -3 -20 20 22 -24 25 0 -2 -2 40 41 18 -37 -23 11 20
28 47 26 -9 19 13 25 -23 -8 31 20 40 35 -30 -7 -31 -7 -6 37 12 -14 -47 10 -9 -36 12 -45 36 0 -7 -28 9 9 -31 49 -23 16 9 31 49
16 -25 -39 30 -33 32 -40 46 -25 46 -45 -20 -15 35 -2 -50 -31 -20 11 -23 -24 -26 9 -13 -6 47 43 40 15 21 16 23 -43 -16 -12 -8 17 11 -18 16
9 46 41 -30 44 -39 36 -38 -32 9 -22 -46 -40 46 -14 -31 4 9 29 -20 -36 -31 38 -29 16 -41 14 46 -33 39 -40 -30 44 -14 -41 0 45 14 50 8
11 -44 -47 -21 -7 -13 -16 -49 45 -23 -3 4 -40 35 40 16 9 13 -28 40 -7 46 -3 -1 28 -37 -39 3 -3 -43 30 -7 47 16 -34 10 -18 -18 -14 -15
-23 -47 -16 19 -10 41 9 -10 -11 21 -38 -1 -42 35 -46 40 -8 -49 -39 19 -34 -31 -25 -8 50 -29 -12 24 -36 -4 32 -27 -12 44 -33 37 44 6 49 22
9 -36 -48 39 -9 -36 -50 32 -21 -25 25 31 -45 30 -21 -40 -22 -12 -36 -28 42 -50 8 -29 49 32 46 -31 5 -5 7 -6 49 16 -30 -27 -7 22 -35 -22
17 37 42 -31 -18 45 -41 -22 34 22 -18 37 -24 26 -17 -11 -31 -5 -3 23 -11 45 5 -16 -31 15 -42 11 17 -7 -21 -35 42 -25 36 25 -11 20 24 -37
-32 35 50 -25 21 30 19 -12 16 5 38 15 31 45 7 38 -11 20 -50 -12 -26 37 42 46 6 -9 -28 -10 -38 46 9 33 -22 10 13 19 -23 14 -11 14
-4 -50 20 -43 41 14 7 -31 -49 -46 -42 -27 11 23 -5 14 44 50 -22 49 -49 1 -5 -33 -46 25 9 -25 39 -32 12 50 -44 -12 -24 18 -20 17 -28 42
-32 47 -22 -19 -34 -18 -49 -30 -43 9 -9 -1 -4 -40 23 -12 -13 47 47 38 -2 30 37 -12 0 49 -36 -30 11 -1 -29 19 23 5 40 46 -20 24 23 27
19 -23 13 -12 14 29 45 -30 -6 24 -35 21 33 48 -45 17 -33 44 47 -24 -12 -35 -10 -41 -20 29 -46 -13 -14 6 40 -34 -43 -3 27 6 39 -48 -38 -47
18 -35 -41 -48 33 -47 -36 25 45 48 38 -43 1 -23 41 0 46 11 13 -13 -36 -1 33 -37 -3 46 -34 49 -15 -22 -9 6 14 -11 -26 10 23 25 -15 5
-32 -45 -38 -5 -1 22 -47 -20 -19 -22 -45 -27 30 -45 -11 -39 -39 38 18 15 -19 -35 -42 17 19 33 -38 -27 21 10 -27 7 19 -43 10 -40 23 46 47 44
46 39 35 -24 13 18 -42 29 0 -8 -13 -40 -21 -12 42 -40 -15 -2 45 36 48 -30 -31 -26 14 -26 8 -29 3 -6 -50 2 23 17 37 30 -31 -33 -11 -42
