40 40 100
-41 -70 15 -99 93 -37 -5 87 -10 -4 -18 12 43 60 43 -9 -93 70 6 80 38 86 -6 -98 99 -51 -14 -82 82 21 83 -22 -21 36 7 56 31 4 70 57
43 -33 -21 14 -40 -52 -87 44 -18 65 -22 -80 33 -12 -54 32 83 -76 1 -24 50 44 89 23 -88 -2 73 15 41 -2 -54 -7 54 -60 -40 87 -36 28 16 -35
-60 -48 5 6 70 -72 -75 40 -40 56 9 69 -82 3 -37 0 1 1 9 -42 -79 -88 80 -100 -60 -98 -84 6 100 -60 -13 18 -69 58 41 29 -30 -27 95 -3
40 -25 60 -19 57 -60 -53 -52 81 -67 -76 -84 -71 -86 -69 -72 -8 -75 -32 -20 66 -83 60 19 57 19 -54 -49 34 -16 15 -62 -3 14 -75 -48 -94 78 90 58
-67 -38 36 -36 4 -43 -11 -18 73 -6 -66 81 40 -11 -91 -69 -4 -51 -84 -37 26 6 98 28 73 -13 97 63 -23 53 72 50 -72 -39 98 13 -63 -14 -43 -99
8 -34 -26 -4 60 -20 10 48 -11 70 47 -98 -19 89 -61 -19 76 17 -20 39 42 80 -14 13 -11 93 -36 26 5 -58 -49 66 -5 10 -53 81 43 -94 70 15
53 90 -39 56 8 68 -19 53 -3 97 -96 44 -52 -29 -62 -48 15 13 26 10 -58 -34 -86 5 -5 -29 46 -75 -35 -24 8 31 -32 8 4 -59 73 -14 74 41
-21 -59 -83 95 11 -68 57 34 70 68 -24 10 -50 -10 8 -6 -53 9 -26 -40 76 -6 -42 18 89 -78 35 -66 14 58 77 93 -61 -61 -17 45 8 -33 90 -39
-6 -96 43 -87 -83 -66 9 41 -47 -49 -43 63 91 -44 84 63 -68 27 26 48 -52 -84 86 97 -35 -19 -19 -5 -1 69 15 -11 -11 57 -48 63 -22 -83 -84 -83
81 -52 -65 -46 -1 58 -39 -27 -14 0 87 -60 50 -31 6 82 -81 48 -82 85 -98 24 4 99 29 -40 -25 33 -56 56 -60 -83 -28 16 -28 3 53 80 -21 -74
-92 22 22 -90 -35 23 -44 23 15 13 -91 -96 -97 13 71 28 60 -66 76 47 -97 43 -83 95 42 88 51 13 -19 -5 -40 23 -71 -31 -23 -98 14 86 88 40
55 59 4 83 67 22 35 66 -21 3 -47 -24 3 -14 -95 34 56 -20 63 40 -28 -11 -65 -83 39 0 -4 -97 -17 -54 -44 -5 -3 32 -48 95 -85 5 -62 31
80 74 23 -76 64 -21 -31 70 -32 -6 30 -17 89 23 -52 1 2 -22 57 -48 -82 4 -46 96 -25 -98 38 57 45 -64 49 83 4 -45 12 52 -32 -93 4 85
98 -53 95 -26 59 53 78 20 -46 50 56 -86 -55 36 68 90 84 -77 54 -65 -80 -35 36 -52 -30 -50 -24 -53 75 49 -82 96 -82 -72 -99 1 89 33 13 52
-9 70 -10 -81 56 14 -78 75 -6 28 -89 -68 73 46 1 68 -39 46 83 62 16 77 39 76 88 -72 33 91 34 -88 53 -72 -11 -23 2 -72 -90 -79 -42 88
-58 62 48 98 -90 -75 65 49 -69 -67 21 77 79 65 -88 -73 31 42 -24 -84 37 36 -65 10 -23 1 -73 -56 37 -88 26 -94 -60 -41 20 -72 97 -64 -39 30
7 -11 -8 -80 28 65 -97 -93 -65 43 -50 -6 -96 -68 -2 21 -28 74 -59 19 27 -49 1 59 -46 -56 88 -45 -27 12 42 99 78 93 -70 -35 94 -62 2 9
-43 5 79 78 -94 -66 4 17 -54 15 -73 51 -45 -10 -18 11 -73 -66 53 -41 -47 83 86 82 3 15 73 31 -19 -63 5 -21 25 96 11 -27 -12 -41 -54 -2
44 -60 84 -25 -48 -34 81 -19 -22 -52 13 -29 -94 60 83 -43 15 11 -9 -30 53 99 -65 100 43 -27 -77 -72 -36 -70 16 -92 -22 62 -59 -25 23 33 19 -79
-17 94 1 53 -19 65 40 38 -91 40 -42 96 -51 57 39 -3 60 -5 91 30 -97 -47 32 39 34 78 -69 80 36 -90 -44 -67 -9 -33 -32 -82 -10 -3 -5 -10
50 -46 -20 -47 -19 52 -31 47 -73 8 -76 11 -33 -65 44 24 65 -12 28 -48 -63 -64 63 59 27 66 -35 -81 23 -44 -11 12 -21 95 -23 -67 -85 100 6 -39
40 -47 -48 51 -36 -35 99 38 82 78 96 -93 -69 24 -84 88 71 -21 -9 64 23 48 91 61 -1 97 -17 71 3 18 46 1 -33 66 12 -30 -14 -55 84 1
81 -63 -61 -93 -96 91 -67 -48 78 -10 -60 -12 15 -52 -11 23 -22 99 -44 49 -44 21 6 -33 50 82 65 34 -13 -46 84 -17 16 47 78 -48 -9 45 -71 -77
-22 77 33 -19 88 -56 -14 -70 -34 -88 -22 -20 -48 -83 16 11 -1 16 -4 -46 -11 68 19 -18 19 -30 -62 80 23 -8 -45 22 63 -96 12 -28 6 -90 4 -27
-32 70 36 42 46 100 36 19 94 -12 0 77 88 -32 18 -45 -23 -30 83 -13 71 19 75 13 -7 38 -70 -58 -15 -84 -13 69 -41 -25 42 39 -48 -41 33 30
-20 12 -4 1 38 -91 37 1 -42 22 -24 1 95 27 -41 1 -2 -61 -26 98 -72 28 96 88 100 -60 36 29 62 90 -5 24 70 -10 19 -29 72 -36 48 -42
-10 -39 18 -99 -79 91 -79 37 80 -46 34 -88 -3 98 -89 36 95 -40 -39 -97 33 70 -62 -88 -51 -83 32 65 95 -23 30 2 81 -59 -89 -97 32 90 66 -84
10 -72 -77 82 25 -21 28 74 30 -71 93 11 -13 69 87 -26 -27 90 98 9 69 -4 -2 67 -6 9 89 71 -7 95 -58 -29 -82 10 -19 -38 -87 -90 66 96
-29 32 17 -70 -77 59 90 9 55 90 16 -20 30 67 -21 20 77 85 97 -85 26 -27 100 90 -87 16 54 -57 37 -64 64 -53 -70 -44 38 98 99 2 14 -22
94 3 -100 -7 81 18 16 79 23 11 3 -20 38 -21 -82 92 70 87 -82 61 27 86 72 10 -99 70 -13 -23 48 47 -63 -30 -52 -2 -23 -98 2 86 -27 -4
-78 97 -6 71 -14 -35 -14 -52 36 35 58 -1 -1 -14 -39 20 47 51 4 97 -29 -52 -35 30 40 -62 0 16 32 85 -68 75 12 -33 -35 17 -90 -20 -79 -32
18 -26 88 81 -72 55 30 46 99 47 -47 6 -66 53 25 -57 -36 -10 26 74 88 41 -1 -34 -93 -78 -50 -97 -84 60 -51 15 -7 -85 -72 76 61 -94 -13 -93
-53 -71 20 -85 81 87 48 34 96 8 57 70 -60 -48 93 49 -9 -24 84 58 -31 42 -74 88 -78 -47 29 -6 -91 -54 -42 -39 69 39 98 69 13 -16 4 -20
-40 -64 -15 35 39 34 -56 70 19 16 25 50 -88 -49 -85 -74 -85 97 -43 90 58 -20 97 -80 87 18 9 -42 11 75 61 -4 66 19 46 47 -91 72 -77 91
100 37 -44 89 58 9 6 16 59 18 -5 65 -45 -9 -32 29 17 10 -100 -79 13 69 27 37 80 -7 -28 31 -69 71 0 -56 -68 -81 -23 35 -16 30 -97 -6
15 -88 -61 62 -75 -21 -40 81 26 41 18 -61 34 78 -98 7 45 88 29 -48 -39 2 -33 -12 -34 42 98 -15 -66 25 -64 38 3 46 -83 67 -37 -85 77 6
58 40 -60 27 -43 12 -61 -41 -31 20 3 10 -76 54 46 -68 33 80 58 93 31 -13 46 56 19 1 -31 -91 -87 -15 -64 90 24 21 -38 59 -72 -31 -25 81
27 17 -17 73 16 -9 62 27 -74 -4 -89 -61 52 -79 -6 -79 22 29 48 70 -86 -50 -16 -45 2 -99 99 -58 -23 41 91 -96 -26 -15 -4 21 87 -15 71 68
12 50 27 -41 52 14 -40 34 -55 93 38 55 -44 -24 85 -28 35 81 82 33 -23 -88 -26 -92 -85 -76 -29 1 80 -4 -54 -4 20 -3 -100 28 -41 50 -51 -51
94 46 -69 40 -96 21 -87 48 -49 66 -38 -76 95 69 -66 -86 -60 -63 -32 1 -17 -20 -35 95 47 78 -61 65 -43 5 -22 -45 -77 31 42 19 95 36 -29 37
