16 20 100
-171 -53 -179 99 -79 47 -136 -40 88 -192 41 -116 -193 -150 -183 -95
63 -54 16 -26 56 23 -193 -83 71 65 -103 94 65 -172 -79 17
-116 53 -170 50 -48 -9 25 70 -23 -99 -155 -164 60 -72 -158 -198
26 95 -31 -77 -121 -170 5 -80 -162 -189 -63 50 99 -117 -152 -158
-64 -83 12 -120 -191 -81 -15 65 -166 -125 64 -157 -16 -180 -145 -174
68 -119 -13 -132 44 -70 -186 -50 30 20 -169 -92 -77 -32 -181 39
-126 -74 -17 29 86 -157 73 -122 -32 -136 74 -88 -135 -25 -85 -161
-177 97 38 -72 -86 -188 -61 -194 -83 -198 -138 8 -72 -166 1 -95
-34 -141 -198 36 -142 -115 -54 -125 -10 23 -98 -108 -101 49 -41 -83
-189 11 58 -73 48 -70 -25 -98 -30 95 -21 -50 -22 -15 59 36
-81 -63 59 7 44 -106 2 -89 -151 -118 -102 96 56 -195 -62 8
31 75 43 30 -168 -51 97 -122 -41 -198 -66 38 23 -35 -67 -47
24 -103 25 -172 -120 -10 -30 -119 0 33 -100 -142 -132 -63 -96 -105
2 -7 42 -194 24 -100 12 -25 78 -2 -34 -161 -134 -148 -83 -4
-30 13 57 -89 -37 -185 59 -54 -186 59 70 100 -192 -175 96 -168
-76 10 -97 -11 -48 -117 48 -119 38 -153 22 85 1 53 -196 38
