20 20 15
15 17 -17 13 -9 2 -18 20 8 -11 9 8 -13 -14 20 -11 8 9 -6 2
5 -16 20 -13 -9 -17 3 -7 -15 14 -6 -10 10 19 9 -15 0 10 1 2
11 -8 11 -2 18 19 -5 2 -17 13 10 -4 16 13 -20 -18 -13 -17 15 6
-1 -7 1 3 -8 15 -1 14 -1 -12 8 -7 -2 12 -17 18 -20 9 18 -8
-13 -5 10 -5 16 -10 19 -20 14 -17 2 -2 7 4 -19 -20 -1 -16 2 -4
14 -1 -16 -12 -12 16 2 0 16 6 -14 -5 -11 3 13 2 -10 -14 10 -6
18 -19 4 13 8 13 -11 15 17 -20 11 18 19 -20 14 15 -17 -16 -15 6
10 15 17 -16 -6 -17 2 1 -6 -16 -11 6 13 -15 -1 -14 14 15 1 -7
1 -15 -5 -16 6 -16 -6 2 -18 13 -17 7 -11 11 8 -7 17 -10 1 -16
-6 16 8 9 4 -16 15 1 -10 4 -19 15 8 20 -7 -7 4 -7 -9 16
3 -1 15 4 -8 4 9 17 -18 -16 -16 0 9 0 17 16 -15 3 -3 -8
10 -11 10 19 0 1 19 14 18 12 15 6 -16 4 -6 -8 -6 16 13 -20
-16 7 -11 -11 -3 8 -14 0 16 18 -13 14 -4 -1 -2 7 -9 -15 11 -11
-7 4 -7 -10 -18 18 -15 2 7 -20 2 15 16 3 4 12 -16 10 3 6
-1 -14 10 -17 -11 -20 -14 6 14 -13 -17 3 -9 -14 2 20 -7 -3 13 18
-4 16 -16 -19 17 -10 17 10 6 -19 18 -2 -17 -19 -9 -5 -11 7 -13 -11
-1 -4 -6 19 -3 -14 10 -11 20 11 -15 -19 4 -17 3 -10 10 20 -19 -9
-12 -15 2 10 0 -10 1 -4 -14 19 7 7 -14 15 -10 20 10 19 -12 13
16 -11 -10 -13 10 4 17 14 14 12 10 11 -9 -12 0 -4 16 -13 6 -20
10 -2 8 -2 -5 6 19 20 13 -12 -3 8 17 -3 -1 -20 5 -15 5 -9
