100 100 100
-18 -17 49 -42 40 52 -85 -56 64 -22 53 -22 24 8 -70 -90 -35 -91 56 33 -12 91 68 96 -52 -47 92 -80 52 -63 -8 -26 -95 -16 22 -2 -97 59 25 -63 -58 80 -45 73 2 26 67 43 88 73 41 -67 -11 -4 79 -54 -21 91 64 -72 -11 -11 -38 -68 -9 -50 -68 78 38 0 11 -51 34 -13 29 -44 34 92 -41 -48 -80 88 -48 88 64 83 67 92 -22 -41 20 72 -19 69 -65 -35 -68 44 -84 -53
99 -53 85 -34 17 -29 93 75 10 -94 13 -31 86 35 47 -51 -95 40 4 -15 25 75 -33 -32 91 87 77 -59 -39 -5 92 16 -46 68 -20 -29 -20 65 10 7 33 55 -45 92 32 87 38 -46 85 -17 -93 70 -47 -10 89 87 -69 49 -64 -80 61 91 94 -40 81 28 -1 72 22 69 22 57 18 -36 19 -17 10 -17 11 76 -77 -76 -26 56 -3 14 87 -31 -15 -7 -31 26 -41 -13 -3 -87 -96 -81 -34 -22
-8 8 -49 -71 -41 82 -45 28 -46 89 -35 -48 -53 -95 46 -18 -52 88 39 -54 22 48 79 48 59 94 -11 75 58 -69 10 -9 14 68 -69 52 -4 24 -45 -54 75 68 13 -57 -96 -6 82 14 1 -17 68 80 22 44 -47 -33 -84 -74 -92 -92 -70 82 -22 8 27 4 -58 -79 81 96 59 -15 65 12 47 7 -53 27 14 -18 37 96 76 31 -89 -96 -81 28 26 87 98 2 -89 -46 -39 -10 50 -5 76 -42
-18 -94 20 -79 31 -92 2 -32 -89 -68 -43 -89 12 57 13 -16 90 46 83 72 -33 13 -44 76 -54 22 -38 95 -87 49 -60 48 72 -47 -96 -74 86 -94 63 -90 44 -1 69 88 96 -9 6 -76 48 -78 -63 -62 -72 -97 -80 -86 -15 -73 29 -57 56 73 -19 73 77 32 85 -32 -38 51 -8 45 -60 16 90 65 72 47 29 28 -55 -61 79 -78 -23 -17 -59 24 -5 68 -74 11 71 -66 31 -90 -66 39 -10 10
64 21 63 -17 -63 65 -61 55 1 -55 34 -60 -43 5 87 -78 -3 42 83 -18 90 -55 57 -19 90 62 33 30 56 92 85 -53 -51 -15 -69 -71 -15 59 44 65 90 94 22 29 70 58 56 93 -53 -31 -75 25 -6 -50 -53 58 61 -15 -25 -95 -61 10 20 67 -17 -57 93 18 -15 6 83 34 25 3 34 -71 22 -6 55 -75 -66 8 87 50 -91 -93 24 44 77 -77 24 -71 -46 39 21 -78 77 58 31 45
44 9 -89 29 38 8 31 -66 -44 -56 2 -36 10 38 40 -47 -15 -2 -31 5 41 -73 -74 96 -44 -11 95 -76 25 55 2 70 86 67 28 45 -24 7 -54 71 99 -72 -74 90 -28 98 -36 -43 -16 -93 38 1 74 79 -59 -1 8 95 -38 18 30 88 42 82 45 -55 -82 10 27 63 95 -41 -44 -67 -32 45 -35 -74 83 81 81 75 3 21 -30 20 -26 19 -77 -38 51 9 41 74 -30 65 1 -35 35 -91
62 -66 40 16 -25 -25 -18 97 77 -50 -59 75 -4 43 11 -80 -60 -42 40 -59 -11 -50 42 31 -45 93 45 66 -17 -52 -43 60 30 -62 -79 -80 22 -35 -62 47 78 31 -79 18 -6 45 -75 10 5 -10 6 5 -24 51 -11 16 -52 -13 -89 59 27 -56 98 43 92 24 -10 79 38 -90 45 23 -51 61 -14 -19 89 -54 50 5 66 -16 45 -15 -67 88 64 23 -62 91 -79 19 53 96 -10 -33 -44 -94 13 32
-23 -89 -36 83 -50 91 14 -31 -28 -96 -56 75 -30 96 -19 -16 -78 -21 12 41 59 -26 73 -90 58 49 9 1 74 -79 3 -89 7 -31 -67 -53 87 -65 62 -87 76 43 -64 -9 -23 -17 79 32 13 69 29 -13 -74 -36 -51 97 -80 72 -90 -85 46 -24 -53 -23 40 -90 33 -3 46 -96 96 -58 -10 -18 71 -15 91 -3 -79 23 27 1 -46 -24 -39 21 39 6 57 -69 95 -63 15 1 -50 23 69 57 -71 -55
-74 3 66 -87 37 -99 -24 16 -69 49 -69 -20 64 45 7 52 -63 65 78 59 -91 20 10 -41 73 91 92 35 99 98 62 98 -32 -62 -35 77 29 -57 51 -24 58 17 -20 -79 99 -96 -15 52 -32 -87 53 73 -13 98 17 69 -9 -94 -95 0 -53 80 54 28 -36 -98 97 -48 -16 14 14 15 -81 -60 -11 60 -8 -94 65 78 -14 -56 -76 62 18 87 -81 84 16 62 90 26 41 82 37 -33 -86 -8 -50 -85
67 49 26 17 31 85 50 -58 75 9 70 -39 64 33 98 -32 8 68 -99 17 -58 11 72 23 25 11 58 -57 34 64 -81 6 60 12 28 -74 -1 15 -24 -95 32 -63 -61 60 -43 17 32 -71 -24 87 -6 -57 -88 30 -86 94 -46 -65 76 -86 -49 -63 -17 -5 19 30 6 79 -32 -9 -47 18 23 39 -18 -67 32 31 23 13 84 19 73 1 10 -40 -7 -59 93 19 28 -35 -96 -9 -38 -85 80 -7 -73 82
-37 34 81 80 23 95 -37 -73 67 37 17 -50 -89 -99 -70 -77 5 -63 -66 -9 57 58 97 -19 77 -28 61 -74 -6 84 -65 -2 -42 -71 43 16 -51 -17 20 -8 -78 -40 6 -1 43 -2 63 -27 5 -6 5 -64 4 -56 -86 -26 5 -82 -75 -80 -11 -14 21 -45 2 22 -37 -49 67 4 73 72 65 87 27 -51 -48 -60 20 9 67 -8 57 64 -28 -6 20 16 94 96 49 -20 -94 7 23 -57 -39 -44 11 -66
-11 -39 20 38 -17 -63 97 -83 49 -16 -5 86 -2 22 49 -10 -55 -43 -64 -19 -29 10 38 -75 -2 -45 89 13 42 71 74 15 4 -51 5 23 35 -80 -56 83 28 84 92 54 -55 5 -77 -71 52 76 28 63 68 47 77 32 -68 63 14 82 -65 1 80 -96 -52 28 17 94 65 -56 9 89 -70 -42 -70 27 67 22 -69 86 36 -39 -89 61 -97 -31 -1 40 54 -4 -28 -73 -61 8 72 39 69 86 92 43
59 81 47 43 -63 81 -27 -87 7 -15 -95 66 52 -20 41 -34 -2 -43 78 -45 -13 -87 50 -12 -30 53 72 -9 29 -93 -20 -75 18 33 -10 42 -86 -35 -71 15 18 -98 -11 4 -67 -69 -9 30 31 95 -28 38 -32 71 48 32 19 58 80 -11 -33 -30 71 -75 20 -72 18 -15 3 11 87 -97 99 7 -93 94 58 42 44 35 -48 93 -18 88 -19 -44 -57 94 25 -92 10 60 36 -15 -57 23 91 -77 -44 31
29 53 49 -63 -6 -97 95 61 86 -29 -71 -38 -75 90 -11 92 86 -54 27 65 7 -86 20 -38 1 89 77 -4 68 -60 5 -66 25 -46 63 10 61 15 -30 -40 -42 -65 88 -17 60 56 52 40 94 53 -97 -95 -73 -45 -84 -22 -93 -16 8 -50 -64 62 84 45 -27 69 21 -56 2 2 58 -94 20 50 10 -63 15 -11 -53 -88 22 50 -48 29 27 -66 14 -10 9 -1 45 -15 21 -64 22 -87 -68 -78 62 -45
-66 16 67 78 -95 -71 -40 54 58 -85 87 84 -29 70 5 -78 30 -12 13 -58 44 -41 77 0 -1 -31 26 -56 -26 -74 -97 56 -83 -92 82 -14 -80 10 51 30 -63 90 9 -66 -14 78 67 -73 -63 12 -79 39 -38 -80 -90 20 92 -66 17 11 -16 -71 -25 -9 26 -45 36 66 -13 96 -23 25 77 1 -47 -38 -8 1 60 49 28 -1 -9 -49 -13 32 -13 2 -66 95 27 49 -72 69 22 94 13 -70 40 84
-26 87 72 56 -12 29 8 -66 -75 -71 15 -41 -71 -28 -74 8 95 -58 -60 95 -98 -49 3 -79 -87 -79 32 -31 46 -95 51 3 25 -24 56 -58 -14 51 -89 11 67 -88 12 -11 -54 -18 -62 4 -62 -10 -95 -17 -13 90 -64 -48 62 -53 -94 77 -99 45 -62 49 -99 -80 -42 91 2 -26 40 18 -84 -35 -26 -68 -6 -91 20 -4 47 17 -64 6 -4 4 -71 -3 -22 44 56 -56 35 -56 83 40 -28 -95 52 -19
48 64 92 -92 -22 -3 -61 -21 -61 -5 77 -33 -32 23 -1 -95 10 6 0 -24 7 -61 -55 24 -82 26 48 -4 89 -53 -6 -53 13 89 -61 28 -94 81 -13 -86 56 -21 60 -99 -76 -30 35 12 -74 44 75 -67 -23 48 76 35 -33 79 -27 -74 49 89 16 54 -1 -90 97 -10 -33 -12 48 52 35 29 32 37 82 51 37 60 51 -41 -1 44 58 90 -63 -45 75 -81 44 39 -73 -60 -68 -99 53 -54 -1 -63
41 -88 96 39 -24 9 -32 20 -41 88 -28 -24 42 88 -9 -50 -96 -56 53 27 -49 -78 -40 8 -57 67 -2 -59 -95 52 -12 67 83 -54 85 47 -75 -54 -43 82 15 64 56 80 -37 67 -18 15 44 49 -61 89 -86 30 -2 30 65 3 -11 29 23 -23 -13 -16 -2 -52 80 -86 75 -40 0 55 -9 -74 82 91 26 23 21 72 -44 12 79 41 -38 -54 -51 34 8 -90 -81 83 -37 -37 96 12 -30 69 59 -66
32 -63 10 32 -93 -84 -43 -10 -8 -85 64 -54 -7 -70 12 -87 -93 -64 48 14 95 -24 -82 79 21 -51 -68 -56 58 -43 -85 5 -53 -12 12 -96 -74 -28 32 -47 95 -70 -18 -76 -6 -2 -17 -70 -93 94 46 -44 -67 88 -38 60 42 38 19 -35 -60 21 48 80 49 60 78 20 -41 61 41 85 -10 85 91 -42 69 42 83 45 -69 -54 -64 -24 2 -37 71 -6 82 -37 -67 -75 -33 35 -23 49 48 -12 60 -70
-3 -19 26 22 67 94 87 -71 80 49 -79 77 -39 -89 25 54 1 9 46 -84 -58 82 89 0 38 -68 -5 -75 67 42 -14 -90 -24 -44 -55 -7 -62 97 -21 -89 32 35 -53 -26 59 36 -67 30 39 -65 66 -14 -96 -79 20 -36 67 76 -89 -16 -94 -81 66 99 44 41 -2 -41 23 65 85 -90 11 46 56 73 32 -64 57 -57 -30 -57 89 -37 -72 28 36 -10 45 -70 -90 -33 -23 9 88 34 96 54 36 -57
21 66 40 59 -20 22 -72 -84 -32 49 44 -42 60 64 -77 65 -79 54 24 39 41 -86 24 77 -91 70 88 46 -95 -91 17 93 -20 -70 -11 90 48 -65 15 -98 -37 46 -83 -28 -8 93 -54 -90 1 -56 56 75 5 79 1 45 4 87 75 60 -76 -55 82 94 -44 45 -76 -71 -60 -17 21 92 63 -40 -56 75 -12 -11 -75 -91 98 67 -88 54 -34 -91 -36 66 49 71 46 67 16 3 84 19 20 36 14 30
-78 62 24 82 -73 -82 41 23 -45 1 -1 4 92 28 17 -4 -36 43 82 -71 -27 1 37 51 60 -51 53 75 56 83 76 -24 -58 -36 19 -10 88 -55 37 97 -58 -53 91 -3 -62 57 44 50 53 -42 -94 20 -81 13 64 -5 13 14 67 63 28 -64 -92 -51 92 41 -89 1 32 -40 71 45 -55 70 33 -45 -63 83 46 28 -33 86 94 -78 41 10 60 -60 -22 -11 50 -19 -25 33 80 -75 -52 10 -17 94
51 -21 64 73 41 -89 -27 5 -62 61 -12 2 50 92 24 9 -90 54 66 -72 2 -37 -29 88 85 -86 84 73 90 18 -32 -22 -13 -85 -20 -79 50 -94 -31 73 0 44 77 43 -6 -64 -18 -10 34 -93 36 -74 -53 52 42 -93 -40 -57 49 -36 52 -95 -93 90 -41 -94 -37 52 74 -15 -75 13 -3 46 -94 -51 34 7 99 35 -56 88 -94 98 -47 -63 60 21 10 -80 90 92 -24 73 22 66 33 -76 -61 64
-41 -22 -76 72 -51 43 -92 -18 89 57 21 -93 44 84 -80 6 -28 -6 -3 12 -5 65 -36 85 85 -42 -85 0 20 33 -58 15 29 74 28 97 84 -22 96 65 -47 -66 -27 -32 83 -60 -27 4 36 -40 -60 -77 84 -29 9 97 -53 87 33 51 12 -3 -13 25 -44 -40 15 -71 -85 -50 66 51 -33 46 23 -27 -40 67 -64 -20 -77 -63 18 -8 62 50 -60 78 -58 -48 69 41 -90 71 69 77 25 -49 -29 -63
-36 25 56 -10 83 -31 -45 10 -16 -96 -75 79 88 51 76 -12 -9 85 -80 -89 -3 -61 -37 -79 97 76 97 84 -69 -76 29 87 99 -37 19 -7 69 -32 -69 26 -58 -84 -96 -87 3 -66 -62 74 79 -50 89 68 -15 -1 97 -32 -97 63 -44 21 49 51 -97 8 70 -45 18 -34 -28 -59 23 31 36 -64 82 20 81 35 72 11 14 -52 37 24 -77 -90 37 58 64 -27 -89 -75 -98 5 -49 -75 -97 -49 31 -54
46 81 86 -33 -53 21 -18 3 84 -26 60 -45 -38 80 -5 -22 43 12 -75 64 72 -17 -62 -37 -43 16 -89 -76 -30 -66 79 97 30 80 87 35 -33 -70 -31 -72 -15 -3 -71 -12 -97 -25 42 -73 -13 77 82 -14 22 -40 -3 95 91 13 99 -46 -11 -86 32 50 7 -79 -31 -99 -65 -89 58 -82 -30 46 19 60 93 25 -30 -3 -55 -95 -55 85 -39 -60 -43 15 1 16 79 94 -39 64 69 94 -62 84 57 90
-33 45 41 31 -30 -40 -17 -21 -60 -82 16 44 -15 -10 -74 -44 -55 -84 -69 11 -79 15 59 -48 -40 -79 19 -85 -2 80 54 -71 -5 -90 -43 -13 -3 -61 -16 18 56 37 -4 50 -14 -75 -48 50 -23 -23 16 31 -32 23 -40 -3 77 -20 87 60 -93 49 43 0 93 41 88 -34 -59 12 -32 44 8 -72 -27 -3 44 -6 -6 -47 6 -87 19 20 -59 19 -51 -37 81 -96 -74 11 -3 -42 -47 87 19 9 99 -56
-97 39 -10 56 -32 -35 -79 61 -4 50 5 44 -72 -62 -76 55 47 8 38 -88 86 -85 96 -94 16 6 22 -98 71 76 32 94 -1 -25 -47 -86 -76 20 -72 12 -39 -30 47 98 48 -37 -35 6 41 93 -46 -34 85 -2 79 13 -14 -50 7 -52 99 3 42 53 25 -63 -61 -62 -56 -72 -8 86 3 -71 -35 -46 88 -70 18 71 24 76 -1 -20 -46 35 -71 -65 76 -18 38 -71 93 44 63 51 -81 4 6 -86
-28 15 93 -22 65 -3 -21 44 -86 7 -57 -84 42 -86 58 71 40 4 80 -3 7 -80 -39 77 -7 -49 8 -86 99 85 -68 22 -32 -91 56 -84 -30 7 -41 -67 68 62 -93 62 87 65 -72 16 45 -89 81 56 -97 9 67 -47 16 -30 -31 65 1 -14 -69 -94 -99 61 19 53 85 87 -49 -89 -24 56 58 98 96 -50 -18 -10 78 -76 -8 -33 41 -4 92 46 -7 -89 -48 -76 65 -59 -63 -63 -45 -42 96 8
-8 -69 -86 65 6 45 -73 8 88 -52 42 95 -72 -26 -81 44 -93 51 -47 -23 -35 78 73 -28 84 78 -73 17 -73 -23 -81 -74 83 -76 -13 82 9 50 84 37 92 71 43 33 -2 -44 13 65 -1 -24 77 -42 55 -59 -35 -49 59 90 -10 -23 -43 -6 92 84 30 -52 88 39 -87 53 -48 93 83 -38 -38 31 35 -7 -61 4 -35 -63 -60 -64 -2 -4 -99 -66 -60 -33 63 -90 0 47 -61 -45 -79 -83 49 13
55 66 -6 13 -16 20 92 -20 0 36 -61 -36 -5 -9 -74 48 -60 35 68 57 84 56 60 38 22 68 -41 70 -84 37 12 -58 60 -70 -12 97 60 12 38 -99 66 67 -95 -89 -41 96 3 99 -27 15 36 -16 3 7 -57 -21 -63 -45 28 29 -73 14 97 23 24 47 25 -92 58 -68 50 -59 85 97 36 -62 6 -30 -19 87 -63 53 18 43 12 94 -84 80 67 -36 -58 90 -57 -86 -58 -10 58 50 -25 4
-63 70 -43 -86 54 99 -84 70 -34 -40 -13 71 81 -37 6 22 -88 88 99 18 -47 -16 -65 -92 98 96 92 -35 -45 68 -47 -62 68 -53 33 26 52 -58 35 -73 -54 -91 54 43 4 53 -29 41 -21 58 -9 65 -58 -2 90 66 74 -45 7 -62 -84 -75 -81 -72 -97 -91 1 -51 99 -77 68 57 65 23 -65 54 -85 -4 -68 79 -95 32 2 -45 65 85 -61 13 30 43 -74 91 -44 72 -53 -15 36 67 94 -52
33 -30 66 5 -8 4 88 86 -32 -39 16 -18 56 3 -11 86 30 -45 -80 -77 72 9 66 -62 -95 -6 89 50 -56 -36 -75 -49 -99 38 -6 -21 4 -15 23 51 -2 75 -65 55 -49 -8 53 -81 90 -56 54 -99 51 -66 26 54 70 1 47 -3 48 -99 85 16 29 -19 61 46 -75 -12 93 53 -15 -32 -90 -67 -19 -82 -56 -93 -86 -47 -57 49 98 56 -19 77 -97 -99 97 -44 -18 9 12 -68 91 -54 -10 8
-75 5 -36 63 56 27 72 -87 21 58 -79 36 -88 -89 30 64 89 -19 86 -92 3 -69 95 -10 58 -16 57 11 -27 -23 17 -76 55 -78 -54 -86 -52 -64 -60 -43 90 -76 24 -47 43 42 -59 -29 48 75 11 41 -83 22 78 -42 2 16 16 35 -95 81 87 51 42 50 65 29 79 9 -65 86 -47 51 6 -98 78 -65 -53 -75 75 0 66 -29 65 -63 -5 -87 -46 56 -70 -90 64 -40 -2 -22 -37 -64 -76 35
80 55 63 -79 -12 -58 65 -80 -66 6 29 77 18 -86 81 -17 20 -1 -26 -95 -6 21 -47 72 -92 10 -15 84 -31 -51 -29 83 -7 -86 -24 73 50 -74 -22 -90 6 -97 84 -92 3 2 60 29 30 29 53 46 21 -78 20 22 -30 61 2 16 92 92 -97 -11 73 -15 37 -43 77 94 -97 -32 37 31 -79 25 -30 -49 -78 55 -43 75 -11 45 -56 -2 43 -79 -68 34 45 12 -19 -68 -74 96 -77 -33 -80 -92
17 -30 39 -78 -86 29 57 34 -64 -64 -38 4 73 -50 -24 73 16 52 -85 -73 89 17 27 -23 91 -9 -40 78 20 51 81 62 97 37 -96 -7 -65 31 -3 5 66 -33 56 78 66 26 -71 -37 -94 -16 -95 59 78 55 -98 10 -40 94 -28 -62 -74 61 89 -48 -43 7 57 -1 14 0 -51 -68 69 -53 -70 -54 -98 -92 69 -56 24 -14 -2 2 21 -40 70 71 -63 92 -27 -61 76 -19 21 37 -17 -44 -94 22
-56 -73 -28 74 68 8 14 4 90 26 -66 -94 -1 -49 88 32 -19 -28 -84 -16 50 0 86 76 59 -43 5 -93 -26 -11 -32 -63 60 -34 37 87 -68 47 -9 -89 24 -22 38 4 0 -5 -12 -42 33 26 63 -31 -58 60 -50 -60 69 32 -54 -53 73 41 8 17 47 -33 27 89 72 -77 54 -14 38 -14 10 -12 79 69 81 -17 69 20 -80 -92 -3 79 -20 48 -83 -55 -74 70 -94 7 -29 -5 67 10 -62 60
-15 52 -92 15 81 37 -77 -62 98 84 70 40 -8 -52 69 12 18 91 36 50 22 -69 9 -11 -27 80 -86 71 -38 4 77 41 -92 88 36 43 50 81 30 -72 -67 -87 34 -75 -86 99 78 88 81 28 94 -77 21 -80 -27 75 55 82 -61 -96 51 18 -68 -60 92 -25 38 -21 -83 -38 -37 -40 -62 58 30 93 29 -7 21 74 -55 -17 -91 41 -40 68 -97 -36 82 -4 58 80 69 86 -31 -13 69 -47 87 -5
-65 87 -1 36 -53 52 -35 66 12 44 -45 -99 -21 11 9 38 -36 -30 -65 -48 -6 35 69 54 29 -60 -99 82 -17 94 76 -10 -98 -40 62 -47 73 55 -13 28 13 29 48 29 34 -2 -23 -53 -93 -93 48 -65 75 41 10 -61 87 67 17 -83 53 30 -64 61 98 46 -10 99 -90 58 92 87 -69 -44 48 -16 -95 57 99 -71 71 58 69 67 92 21 -33 43 83 59 57 46 -16 23 -18 -99 80 -25 -70 -69
60 80 57 -45 -58 58 15 83 -1 -67 -83 72 88 -98 2 35 88 -60 69 73 -1 -3 3 87 -45 98 40 -5 -48 2 -56 30 8 37 36 66 -31 -66 -77 44 70 -4 9 -3 -65 9 -36 -14 -13 -71 98 -2 -36 60 17 -78 92 43 -84 -37 93 14 -62 -23 -17 6 94 -80 82 78 -79 -88 -49 -83 6 -81 63 -19 52 -70 -9 78 -59 -20 53 -75 -26 23 2 6 -72 -50 -32 -5 -2 -55 94 26 -53 78
28 -52 74 57 -47 -74 48 -19 76 48 9 74 -18 -21 -66 -87 -45 27 -73 -2 -30 33 -94 -36 49 22 56 40 -2 -31 17 99 34 93 27 -80 -64 81 -11 57 54 70 -44 85 -78 -20 -9 19 34 -30 44 -20 -41 -68 59 -57 -44 -64 25 -40 91 -69 -90 -63 -60 29 68 -70 -99 74 -6 81 -43 2 60 95 -18 -72 73 -17 4 -21 2 99 -54 6 -90 22 54 -60 60 67 -76 -25 -58 -60 -3 35 0 48
64 88 75 -12 -44 -39 69 99 -49 97 -78 85 -10 -84 -72 82 -80 -10 -40 -4 -10 -66 98 -78 52 -10 76 52 71 -51 4 -98 -76 -60 -44 -30 -33 -38 -92 84 90 62 53 2 -70 64 56 -83 82 -23 23 58 85 -89 55 75 -18 -38 55 83 38 39 37 -94 -81 -64 73 -50 -78 -86 80 -29 14 87 -32 73 -94 12 -61 -13 47 -41 24 -5 -55 95 91 80 -36 40 -66 -31 55 -62 42 78 -98 -49 44 -18
31 87 -60 -62 -56 5 75 -34 14 -97 37 7 41 -42 -62 57 -17 9 -53 79 59 69 -56 42 -43 -29 3 31 8 85 -4 -21 47 -14 80 97 50 71 99 -56 -37 -89 -73 -48 -29 86 -86 -41 95 0 9 -49 13 -12 -35 98 58 31 84 36 -19 5 -30 52 -60 72 -54 22 -19 -23 74 1 73 -91 26 60 19 28 15 -59 55 -87 -25 95 44 34 -77 62 20 -98 95 -36 46 2 -15 -24 -44 -94 -42 78
-70 -95 82 -8 78 -70 70 99 -15 20 19 -93 -17 -45 -76 -18 -79 -62 -77 -14 -86 -4 25 -53 -28 65 41 -14 20 7 -83 -99 37 0 -81 -97 57 35 37 33 76 1 -52 -41 76 29 -22 70 89 -72 -20 -81 -41 -39 -90 -20 11 81 -15 -21 71 -71 1 47 -10 -26 -44 -87 35 -15 18 21 52 71 69 -74 81 69 41 88 9 -6 91 -92 -13 67 96 -81 22 -37 37 51 61 -15 -27 8 85 29 11 65
-17 -34 18 83 -56 -41 -37 99 88 -98 63 88 82 89 99 58 -91 18 -20 18 -50 -13 4 -43 86 -16 -33 -65 -32 -65 -48 65 83 -71 -47 -94 -65 87 -76 35 -66 -15 -30 53 -4 -5 -42 76 46 -54 -3 -74 -56 -8 1 51 -78 32 -96 41 27 -47 19 82 -67 51 -83 -98 -50 -22 -45 82 -1 72 -64 -36 -22 -75 -67 -74 1 -58 -98 19 -93 -19 55 -53 91 -71 12 -61 1 43 38 13 -60 77 51 12
-71 48 -91 -79 80 79 -20 -7 70 -19 72 36 55 -2 -43 73 80 51 -25 -12 61 -27 -99 34 34 -8 -55 -49 -10 -23 79 -23 88 74 82 -41 51 -49 -32 -88 61 -31 0 -36 -97 -68 -59 -9 60 62 13 -83 -88 90 -42 -6 25 -47 53 -83 -14 82 32 -4 62 -66 -48 3 63 60 11 86 -47 54 53 -69 -17 -74 74 -63 46 -96 -63 0 -64 -97 -49 -50 -55 -30 56 -71 38 25 -77 -66 -42 61 -93 50
-50 -54 66 -52 88 30 83 84 14 56 27 5 -76 92 89 -30 38 -7 94 -37 -21 53 -37 3 72 61 -58 -18 98 57 -86 -33 90 37 69 -82 96 54 -13 -28 -6 -37 -21 -45 -14 44 62 21 71 43 -87 88 -6 -93 -43 -53 -40 80 59 62 85 -49 -80 -58 6 65 4 -46 -53 46 37 66 1 47 25 70 9 2 25 -57 30 30 -23 -21 66 65 -63 34 -83 64 92 -40 -1 -67 53 98 -97 -13 95 -64
-45 20 -42 -95 56 -57 -30 36 -88 -95 62 -78 -8 -43 -27 81 20 24 -86 -67 -95 93 37 53 -66 23 -49 -47 -6 54 19 78 -79 -46 46 20 63 41 65 -6 95 53 -99 -60 -22 -73 29 40 24 -90 10 -29 -99 75 67 -80 -7 72 97 85 41 -50 27 -12 -82 -77 51 -60 68 -99 77 -46 37 47 -85 -28 23 69 55 28 -7 76 61 11 89 82 70 -69 -36 91 91 70 86 -80 19 -63 -33 92 29 -11
0 -29 -52 49 94 45 -10 -6 39 10 -60 -54 56 42 84 -91 73 13 -20 52 -24 56 -25 13 -84 36 71 -9 -97 -67 85 21 -3 -64 -1 -52 38 -97 60 41 22 4 82 26 19 -46 4 -86 -69 -69 -25 -16 -93 36 -97 80 -6 5 -91 -54 38 67 -96 86 79 -95 67 42 -81 -28 38 -56 -26 -63 -68 -38 99 52 -6 74 85 60 78 82 43 -2 -57 -32 65 22 -99 -74 -34 22 79 -39 10 83 99 -75
-70 -33 78 64 -19 -78 44 -91 65 -57 7 33 44 -77 96 36 -43 -62 -56 -98 22 -81 61 52 22 -50 -78 22 98 -91 23 48 -52 31 -79 -42 -62 -32 27 19 -41 60 -91 95 54 -65 -56 -68 25 78 63 -31 -33 -50 52 -25 91 96 -15 -95 -62 44 10 60 -76 -63 79 -88 23 48 -70 -93 -28 -67 8 30 -87 -56 -17 47 -90 75 -90 -79 15 -63 48 -60 6 76 -65 40 -73 -15 79 -60 26 -47 -84 73
-43 95 -17 -17 -94 54 63 67 -38 88 22 -8 -52 -57 -70 36 -40 -5 2 53 70 61 -48 60 15 -80 94 -8 31 43 -29 -80 9 75 60 54 -25 12 8 34 -46 -58 -84 -28 93 -71 -42 -75 12 68 -88 88 75 54 62 54 95 -66 -34 -77 -67 -66 32 58 -76 -87 86 53 73 23 91 18 57 -30 -37 53 42 38 3 -77 54 -66 -46 -55 88 -46 -64 -91 8 9 50 30 -1 -85 65 -42 60 96 94 -20
-89 1 9 38 -83 -63 43 -33 39 -89 52 31 -11 -76 87 -84 -79 21 22 -27 70 23 15 -59 -20 37 15 83 60 10 96 -38 3 88 31 42 -9 32 14 -94 4 12 -58 47 -75 73 -18 95 -2 -54 85 -7 -50 14 -90 -54 -95 48 -61 29 38 69 -47 -81 -49 -77 78 38 18 12 -21 -9 6 36 17 -39 -13 44 17 -97 26 -84 0 -91 -13 -15 -42 -2 -52 -8 72 -82 -73 -18 -33 -94 -36 38 -17 99
80 -75 21 73 -72 -25 5 96 -23 -8 89 -44 -11 76 21 -75 72 -98 -32 -20 94 -59 -33 69 66 21 25 -98 -67 -2 86 -38 73 -16 70 -1 -7 -82 12 35 -20 -95 73 -2 81 7 47 -94 42 23 58 -30 80 62 -50 64 80 -47 54 -48 92 -72 -86 -47 40 32 -33 -54 43 -23 -10 -44 -45 -2 19 -27 -20 -84 92 -19 77 39 -9 -92 48 -45 62 -51 -65 43 -99 27 27 48 -32 68 -33 72 -68 83
61 -98 0 36 10 49 -39 -49 -27 -30 82 75 37 70 -21 -70 24 45 56 -40 12 -17 -18 -35 -5 11 -72 -37 54 -62 32 -19 -88 63 -46 -20 65 66 42 -3 92 36 -13 41 -69 -4 11 -99 43 55 -1 68 -96 28 -98 61 70 29 56 87 -85 -40 -21 0 4 -66 -61 87 -80 19 -13 -25 -13 -58 -42 -5 -27 -72 -13 83 24 -63 69 -93 80 63 -28 11 72 77 58 -43 -94 27 63 -98 -37 13 -42 -79
-17 -26 31 76 46 9 -11 49 -69 70 -10 1 -40 -63 23 99 29 -64 85 -31 99 95 88 14 -68 63 -42 40 86 29 -76 39 15 25 -10 -45 11 -7 -10 -89 47 -6 79 -94 -7 0 -68 -60 -88 -79 47 21 -3 -18 75 -36 44 -49 43 98 91 73 -71 -3 -16 -37 58 -7 96 -59 49 -51 44 31 27 47 -57 97 -89 -87 -29 -75 41 -18 86 -65 -1 -26 -29 1 16 26 -30 66 -21 11 72 7 -57 -96
-1 63 -99 -2 60 73 52 70 -90 -35 -13 97 -71 14 29 -5 38 45 -53 10 -80 -42 -49 30 -6 91 -7 -37 -58 8 -3 -70 -38 -65 -78 -47 -27 45 85 15 -62 -33 -96 -92 -14 21 23 -1 -65 -97 -77 31 45 -9 35 -84 -84 59 -66 -75 -68 -23 -47 -28 -93 24 -61 -31 11 -36 -95 -16 -47 -37 46 81 89 -63 9 -2 2 56 -26 58 48 -99 -97 84 -34 -20 -56 -30 -3 20 -14 -67 -34 96 23 3
-52 79 -3 -56 -43 -25 47 89 -67 -16 89 53 80 -46 -5 -23 -93 -18 -36 66 54 88 13 98 -97 8 56 -92 -48 79 25 3 35 68 -99 54 -99 55 52 -71 -46 79 9 93 23 4 -7 -64 -54 29 -55 53 -97 -15 -24 38 26 40 32 53 -41 63 -93 -86 69 -30 -73 -59 79 84 -82 -6 69 -94 94 42 28 -89 -48 -58 37 60 82 35 46 -34 -21 -16 -41 -22 -37 -75 -43 34 76 -57 62 -14 37 87
67 -94 -52 74 10 -31 -82 -50 -26 -58 37 -63 -3 61 -8 -6 -34 22 -51 -12 -97 45 73 -61 -69 -59 55 27 38 81 -29 -88 50 -8 25 89 -80 11 28 65 -50 -73 -72 -79 -80 -90 4 44 88 39 -9 35 -58 -38 42 -92 9 28 11 -32 -38 51 45 -42 30 -22 11 -45 86 65 90 -35 58 -8 11 22 -84 -86 25 -37 52 2 -11 38 -31 -56 -82 38 67 -98 23 -43 18 -16 93 32 16 -5 80 47
-56 -6 13 86 14 -41 57 38 -94 12 10 -14 42 54 8 38 26 -31 67 3 -6 65 -50 -80 -67 -68 -75 71 -32 69 51 -59 73 91 -48 68 -55 10 80 -45 88 39 92 16 -10 39 -42 -59 99 43 -30 1 89 -17 27 45 -22 43 -73 -58 54 56 -75 69 -68 12 -27 73 -8 -40 9 91 -57 -12 -83 -51 -29 91 58 46 54 -59 -53 94 67 17 74 46 -27 -38 70 37 60 -91 13 67 60 -90 -76 -5
-93 -83 16 94 28 86 40 78 74 -87 -87 50 -98 -76 -31 75 52 89 87 36 -50 28 35 -53 45 72 4 26 8 -40 -37 56 -78 85 53 -59 -85 53 69 -41 69 31 -98 -21 0 20 -16 63 -83 88 -93 57 18 9 81 59 -47 26 -95 37 7 42 -39 75 13 -99 -81 -64 -79 40 51 74 68 -62 50 52 51 23 54 42 75 -72 87 11 34 -95 -84 -44 68 7 -38 -81 31 -71 38 67 -28 91 -10 -19
-27 -41 16 -29 -67 -47 -35 22 -28 84 -48 -9 26 -48 30 -70 -67 74 21 -52 91 84 4 -46 71 -47 -45 -25 -66 83 89 -26 -53 84 -28 -8 0 92 -37 33 89 -14 -35 18 78 0 46 44 62 -92 -1 -58 0 -43 -27 -48 -73 10 55 5 -85 -68 21 7 64 -77 -94 -57 -43 -64 -58 94 10 -59 25 27 20 11 -37 -23 -82 24 22 41 53 15 -12 -79 11 30 -73 -39 -58 -79 98 -97 91 -62 -83 24
-34 -43 43 77 -43 -78 -24 52 -83 -53 -17 -51 3 71 -17 -55 54 84 -50 -72 84 -35 -63 -30 -13 29 82 12 -59 94 -48 -35 5 60 -9 50 91 -67 -26 -13 -83 5 -42 42 39 -74 14 13 85 14 1 -94 -82 -65 32 -38 -94 -67 46 -49 -63 -17 1 93 -71 -87 85 7 -5 5 23 -75 -89 7 -17 -64 22 -38 31 71 43 -47 -66 48 96 18 72 59 27 3 42 -8 17 26 35 -71 4 74 7 -58
-10 68 -28 19 70 71 66 36 -37 48 -71 5 -99 10 51 -54 -50 58 28 46 30 -91 35 78 66 5 -62 -11 48 70 83 41 12 12 48 -47 47 82 62 81 84 -51 -23 30 -88 -7 -30 -16 21 -5 51 38 -63 77 -97 -58 -22 -66 -29 -78 18 -10 -48 21 12 24 -8 72 35 17 -60 70 -44 58 30 -43 10 -65 17 77 65 -5 71 12 -15 -30 -99 -86 61 54 42 37 22 -54 96 -69 -49 53 56 -81
46 14 42 65 -42 -1 -17 -6 73 -99 -98 -63 -83 -78 -70 72 87 -59 -2 -79 -94 -30 38 -29 43 86 48 10 -65 76 6 94 99 -89 -37 -9 17 89 48 9 -7 50 -91 -63 -45 -64 -17 56 -92 39 -56 -48 -92 -86 -39 26 -54 -82 -15 -36 -49 36 -13 68 95 39 7 32 8 -55 -52 -64 71 40 38 -22 39 91 -36 -5 -16 78 -2 58 82 83 -79 98 72 -88 -73 92 -2 -99 -12 35 -51 93 -77 -93
-52 76 -84 -32 27 87 67 92 -89 73 -14 -86 3 35 -66 20 -79 36 9 13 -20 33 76 92 -45 3 -21 53 50 -70 -26 58 68 89 -99 -36 -79 -26 89 -24 -16 61 8 36 -70 -19 -97 -52 59 26 31 60 36 -55 79 -11 -89 -94 -24 43 70 -32 3 -3 80 86 95 -91 27 42 -27 -17 23 -66 -97 47 -59 16 38 13 82 71 35 -10 88 -61 30 3 36 -2 -27 -12 95 56 -36 89 38 66 -59 -15
-34 65 33 66 -61 -74 -80 95 -39 -63 49 51 52 83 50 82 63 0 -67 84 -86 33 -56 0 86 6 -77 -28 80 -79 -13 -96 -30 44 99 -91 -81 42 -43 -10 -74 -98 -40 -41 -89 4 -49 12 -99 80 -27 -19 71 61 -26 54 20 -8 60 4 -48 41 98 -29 18 78 46 -13 96 -89 21 71 49 99 -95 96 11 70 59 -14 82 -44 -19 -33 -85 -39 -71 -11 83 81 67 76 81 -87 53 -41 -31 25 -7 -27
86 58 -95 -58 93 81 -1 85 -79 17 -60 -61 -23 38 33 -19 0 -29 54 -98 10 41 -51 11 -25 50 71 99 24 -91 38 71 -18 -93 36 -70 -34 92 5 -56 19 -60 -60 -69 -43 28 -83 22 90 29 -27 89 -53 64 -45 -44 16 -70 24 18 -65 -86 -71 13 21 41 -33 31 -17 75 -73 20 -36 29 -17 -43 80 -74 68 87 31 -98 20 -22 -79 -91 -86 -10 6 59 91 -60 -4 53 -13 -74 53 74 -47 -97
-54 -64 -49 -11 92 -92 39 71 81 -40 35 35 13 -18 -20 -14 34 93 -30 54 19 -26 -33 18 -18 -94 -16 -2 -55 -16 -99 -6 -69 -61 43 -75 87 -43 58 -74 -27 56 8 54 -93 -38 12 -68 71 33 -91 85 79 -29 -77 -65 -54 9 1 18 35 -27 93 -45 -38 51 12 -40 -86 -75 -29 -33 -16 -32 -39 61 -74 -39 -10 -41 -38 -94 31 17 22 -88 76 -31 -45 -2 -32 -35 -51 77 62 28 73 62 -17 92
76 52 -49 -31 18 10 43 34 -34 61 -32 -55 -83 -15 17 -91 29 84 61 -75 -47 71 -74 83 -15 93 -85 -15 -17 60 -9 -17 -34 76 83 39 -72 -4 55 -50 68 -91 43 -41 -46 -92 -9 -47 -40 76 19 -58 -35 -77 93 14 -74 -19 -60 63 -50 97 -17 86 -86 -35 -28 -56 -23 -33 37 -20 19 -90 27 1 -90 4 -75 -63 86 34 72 83 94 72 70 59 28 -70 -61 26 47 53 -46 -12 0 -87 -74 -20
-24 -8 11 -43 -49 -32 43 66 -37 -30 -98 -25 95 3 57 12 -8 -59 34 -16 32 -44 -42 34 94 -31 -56 -66 -84 -55 -30 -94 12 -27 -86 -89 8 -51 -4 -54 -94 -5 50 -85 -48 -11 -12 -16 51 -26 77 -51 -44 -27 -44 -24 -8 -18 -95 -32 31 50 43 -55 -11 -96 -77 0 14 -53 -34 -37 -58 98 14 -72 32 93 57 -15 -51 -17 2 -24 -38 -74 71 71 48 62 33 61 64 45 59 -86 19 -58 66 -20
-61 20 -52 32 23 61 -54 53 -74 -86 -96 -1 -97 72 -75 20 -40 50 -45 -66 54 70 -89 50 76 -92 -16 26 -36 -57 17 66 -35 -77 49 -67 -20 -37 -20 -12 -33 -53 -52 -63 -53 -88 6 -38 -62 83 -31 40 12 -99 88 -35 10 -85 22 24 26 -79 25 6 20 -31 -45 -28 52 -23 29 30 39 45 -80 -95 -8 -1 -11 77 30 -79 -75 63 -62 -60 -93 32 -47 -97 29 46 94 -11 -79 75 46 37 -69 55
95 37 52 2 -32 -36 -4 6 -35 -74 -8 -25 -15 88 -58 -60 -75 5 -56 72 3 5 -95 26 -3 -45 -20 -56 -6 35 89 81 -22 -88 -14 -75 -6 83 -1 -60 -66 49 47 -10 27 -58 -11 -67 80 10 28 -95 9 51 -72 -38 -88 -77 59 80 97 99 52 81 44 -8 -52 13 -98 79 64 -66 48 86 -32 -79 -4 0 77 -31 56 -35 -99 11 27 34 -45 -88 -40 -41 -73 -55 -65 61 90 -56 -79 37 -99 13
22 -6 -94 12 5 53 -57 93 7 -58 -65 39 -82 -28 78 65 61 -94 -40 -69 9 91 -72 -67 95 -82 52 25 -87 -35 -14 -1 -99 28 17 60 44 57 11 33 59 -56 66 60 -56 -99 -73 8 62 -15 88 -63 9 -22 57 95 -16 -41 98 73 69 -8 -73 -26 24 13 4 27 85 40 -14 -9 95 77 -46 -52 23 -21 57 -92 -73 16 -61 43 -16 -93 -47 19 -52 36 36 -97 55 -37 20 4 30 -56 53 -74
-3 -97 -68 17 3 -22 -70 77 -9 67 59 26 28 41 -49 92 42 60 -34 82 -51 33 -81 -14 77 16 80 84 98 -92 59 -39 -78 -25 20 -47 83 -25 -97 24 31 52 34 25 21 -67 -54 -76 32 -82 -39 -7 -37 -70 44 61 -41 55 -34 74 91 92 -32 -64 18 -48 -60 40 -83 29 91 -45 -63 -80 64 26 -27 56 -9 -31 20 -15 -87 -10 -28 -3 90 -70 -68 12 -18 91 -53 44 35 -15 56 20 22 48
-37 62 34 34 47 82 77 80 28 -59 -3 -6 -53 2 45 40 -20 74 48 -81 -23 48 -56 53 17 9 28 34 87 1 -21 73 92 24 41 22 49 -19 -87 35 80 78 -77 -43 38 -1 -42 40 62 24 -46 -46 -48 19 48 -63 -66 59 95 73 -95 72 -98 12 -9 -37 -60 -57 41 22 -10 -66 97 -76 38 12 -7 -27 -34 -52 -24 11 -45 88 -70 12 5 51 7 95 30 -42 -15 -86 60 85 22 86 -65 13
1 -95 39 -52 65 -40 -7 45 -7 16 28 51 91 91 46 -27 -7 76 33 -34 27 50 72 2 -54 28 36 -85 26 36 75 -85 -82 26 -28 -20 -21 -35 84 -64 97 -21 83 -99 58 -49 69 -80 -94 21 -66 47 -72 17 -27 -83 87 86 59 -87 62 -56 -7 58 61 -54 -56 59 -20 -50 -81 26 -86 -53 50 -23 70 40 -24 36 -91 87 87 57 -8 -13 -4 9 -11 -81 68 25 61 41 -37 -84 -20 -82 25 14
22 84 -50 54 -76 98 91 -47 -64 -97 31 27 58 77 -83 20 -21 -22 51 -18 -91 -83 -14 -74 38 -79 40 -43 -98 -41 63 -69 5 34 78 22 -39 -91 85 -98 -61 -86 14 -7 87 -42 29 87 61 -97 96 -65 -84 -28 -90 15 -48 -62 -8 -21 -68 -83 85 -37 42 30 -17 -8 67 13 17 23 47 74 14 28 8 54 -61 -55 26 -25 -67 -38 26 0 51 92 41 -56 -34 -25 -9 67 -34 56 59 -4 53 90
-35 -55 -9 -20 -94 -46 -32 91 -20 -8 10 -64 4 -34 -59 20 3 18 -64 85 24 85 -47 2 77 47 -44 22 -75 21 -4 39 56 0 -46 -35 37 77 56 69 -25 22 -16 1 70 78 14 63 87 67 66 -17 30 -61 -8 -89 2 -75 86 -69 -10 20 26 -44 87 37 96 30 -87 69 -25 -20 43 28 -83 13 -83 10 -42 -93 -2 21 57 -28 69 -91 34 17 -78 -71 36 -15 84 73 72 86 20 -58 60 -37
-54 -16 64 -33 48 -12 -94 -32 -22 -46 91 93 69 -86 39 -99 -37 -36 75 96 71 -81 -72 48 -18 -43 -90 73 -42 31 -4 -59 33 -29 -24 -92 63 39 98 62 -98 68 -21 99 -87 -56 -82 79 -54 -99 -42 -77 33 -83 -4 -20 -62 -60 25 23 87 -83 98 -61 81 73 10 4 -88 21 -45 -46 80 69 -36 -7 85 -62 -85 81 -3 -54 -95 -69 2 -94 -76 -96 -49 56 85 -98 71 -26 13 62 10 33 -23 55
-39 -70 44 -36 -77 42 -31 -93 91 -49 -39 -58 -23 -45 -85 -48 -82 99 -30 -64 -98 -31 2 -59 54 5 -39 10 -49 19 -66 -7 -77 -72 -83 72 46 94 95 -32 -19 68 -31 28 25 -56 35 12 65 7 -24 -75 -52 -30 0 -35 -76 -88 -56 -53 50 98 50 -59 56 -63 35 -73 15 32 25 -98 -52 4 96 97 22 -38 -41 2 78 99 -40 -87 -74 -20 -50 -5 -17 -45 7 97 63 32 -59 85 34 -22 -24 33
73 26 83 26 68 -98 -54 -24 -64 16 -43 -60 65 -56 -13 72 -47 -51 35 -82 77 25 47 -49 -38 -56 1 -56 4 -33 26 96 -56 73 -89 58 -39 0 -99 82 7 14 80 -94 84 -63 34 38 92 -76 19 78 1 -22 66 55 -6 52 4 -38 -2 46 -81 -51 29 1 -74 -25 59 -98 -77 -37 -43 -44 93 44 -61 -29 59 -24 85 -89 40 19 26 27 50 24 87 9 -30 -18 -9 -10 99 -49 10 -67 58 -51
74 -30 85 -36 -13 72 -62 28 42 34 -71 42 19 15 -46 -54 -28 -46 -37 -67 -16 91 -36 -27 -29 1 62 62 -20 86 87 85 0 -2 -25 -42 -22 -45 -66 -8 -43 -56 26 60 -73 38 -73 59 1 -35 80 -79 34 -60 28 -98 70 -21 -56 -98 45 44 33 83 -30 76 25 -53 89 27 49 68 54 13 -87 -83 -12 -58 38 88 -41 30 -75 -14 -60 90 56 -68 38 -16 -73 85 59 16 31 -31 68 -78 -86 -4
-41 -60 98 49 -77 -17 58 23 -6 50 77 -39 -35 -49 -69 -73 -56 -90 -82 19 97 -95 -92 92 17 42 -70 33 57 15 98 -33 -96 -27 -59 57 91 27 51 57 82 52 -50 -3 21 87 -88 -67 38 -8 -75 -79 87 -3 95 -70 64 -76 23 29 -88 -66 -50 -85 56 36 79 -53 -93 12 -76 90 70 63 6 -84 10 97 -72 -6 25 95 41 -83 -8 73 77 -65 -42 27 -18 -28 16 17 16 -40 23 1 66 30
57 33 -50 -8 -13 97 -26 -38 90 -63 -49 92 52 6 7 88 -60 -86 -45 39 -68 -56 59 74 -26 -34 -41 -50 94 -97 31 -50 -20 -49 -78 91 72 -70 27 -20 -31 -79 65 10 84 6 -60 -24 -59 -11 6 -26 -98 98 -47 -58 -7 45 85 -5 -96 3 -50 -52 56 -80 -58 -85 -84 -37 54 72 28 -73 -64 -80 92 7 -59 -82 -51 -63 90 -7 60 -56 5 -22 34 -52 -49 -62 -34 -2 43 58 13 -11 24 -81
49 98 -12 10 -65 64 -62 -72 64 16 20 46 -68 89 -89 19 -53 93 -60 -85 65 -70 86 -56 5 7 46 46 58 39 96 21 -47 -2 -59 20 29 -62 -40 -67 -69 71 -99 -42 69 -60 19 -98 -19 -8 -75 80 5 -57 -63 -19 94 49 -60 3 -56 -20 64 2 -83 -46 -63 -69 3 -22 69 -34 -28 -29 86 -24 -47 -53 11 -50 -6 -23 -92 -67 46 34 -72 7 51 -29 80 87 -31 82 15 -95 -19 20 -87 -38
-43 47 -84 -82 -56 -58 -8 -44 -13 -5 60 8 29 20 15 -11 66 -53 60 -18 39 -85 74 -17 -91 -87 77 -32 -73 -52 53 -2 -62 -95 -77 -56 -49 -24 13 80 -76 -1 56 -89 76 -15 87 -33 82 -79 -15 55 33 -80 39 -93 23 -64 -35 -40 17 47 53 -13 72 70 -35 -6 -27 -39 -79 -5 -76 -28 0 91 -63 97 75 -89 62 -43 64 44 -42 -13 4 65 -87 -24 -99 -87 -73 62 -13 70 33 -40 90 81
-61 10 -63 74 -36 19 -65 -87 92 -50 43 60 -17 87 38 -41 11 -53 46 66 -8 22 18 -83 11 97 -91 53 -95 20 -67 16 -9 70 -73 -44 -34 10 21 -69 37 91 -32 -81 -28 37 -41 71 -59 -9 19 45 -43 25 -34 61 -32 18 -16 70 52 -9 -33 66 80 -19 67 74 -71 -23 63 33 -56 -27 -60 -15 96 30 -73 -15 -92 10 25 1 -85 30 -94 -33 -22 -80 93 51 -16 43 48 34 -91 79 -18 -77
-65 47 -88 -32 64 70 25 -46 -92 49 87 97 14 -12 74 -75 -18 46 44 44 98 63 92 55 90 -90 -55 -17 50 -69 73 60 6 -88 -72 -51 62 -44 74 -17 -99 -88 31 4 47 4 95 7 92 -20 -34 39 68 0 87 5 38 -48 -64 36 31 63 -74 -90 -17 89 -12 -16 83 98 -22 -43 49 -9 61 28 69 -31 60 -33 -77 -37 -31 -45 -29 -17 28 -50 42 -37 -51 -82 54 35 31 17 48 -5 78 8
81 -69 10 25 7 95 60 87 -44 -47 -83 52 31 -39 -68 -71 -34 22 -91 -63 -70 -39 -43 9 3 -33 -69 -2 -68 6 -98 87 27 -20 90 67 -91 -8 23 -36 -3 59 -69 -28 -82 29 -23 22 32 93 -96 -57 71 -69 -89 23 36 5 11 59 -23 -3 69 18 -32 67 48 -45 -37 -55 -76 -98 -41 -49 77 99 -33 -73 -60 -38 87 -64 33 71 -13 16 5 -63 -4 -4 36 71 69 4 40 -10 96 -20 93 91
-3 -18 -84 9 -45 -80 -23 -62 -29 35 -98 -61 66 48 33 25 6 -7 85 -13 -64 -52 -47 -99 -22 25 50 -8 -47 -67 -51 -56 45 24 -68 -81 46 -46 98 50 70 -33 -76 2 -85 26 12 32 73 -69 40 -59 -79 29 -51 -56 -51 21 -14 71 -42 -98 -83 -94 -40 91 -50 -2 -97 73 21 62 85 33 -21 67 56 95 -2 -13 9 -4 -63 -39 -38 -27 62 -75 -26 -83 -91 -59 72 92 78 -34 -65 -37 -5 7
-57 57 -29 66 46 -96 -46 -90 -69 -90 58 -89 -83 -15 -44 6 -49 -58 41 97 -10 -4 -74 -26 75 76 94 -19 -88 49 -63 35 -4 -85 19 79 -68 -54 -21 -98 -80 20 -87 20 -91 -79 -76 31 -11 57 80 46 16 42 60 75 90 -17 68 -3 43 -10 -43 -30 -26 85 83 49 64 23 -35 -55 -47 71 -79 61 46 -74 45 -80 60 -59 -47 15 82 65 44 77 -81 -93 87 -74 29 -80 84 24 -71 -97 -73 54
-19 29 -66 70 38 6 -41 45 0 -53 -94 -48 24 41 -55 -20 -38 41 -8 73 -25 -96 -51 8 -85 -63 -72 10 -2 64 25 -35 -37 -50 24 37 62 -5 79 -23 -76 -35 -64 1 24 -96 -12 -87 -23 36 -72 90 86 59 29 80 91 99 -62 -67 -74 30 33 -16 36 69 -52 -66 61 -28 -17 -77 -87 -13 10 -60 77 35 -72 -23 -71 18 -77 14 91 -44 18 -26 -37 -35 -51 -4 4 87 -81 -24 -22 -31 67 46
12 32 -52 13 79 50 -80 -31 -48 -27 54 -63 29 -21 93 -73 -90 2 49 51 78 -15 40 64 -58 21 28 68 -30 -76 -78 -13 -93 -99 33 -25 76 88 -35 17 90 16 -30 83 -28 77 2 -26 73 -94 -94 68 0 -28 -66 -1 54 -21 21 -17 -53 -96 30 -99 82 65 9 -71 40 62 91 -56 17 25 57 37 60 98 -73 -37 -9 69 79 45 35 39 68 55 71 -63 1 -94 51 45 90 -9 -43 -90 25 58
-81 96 -38 2 2 90 10 82 78 -75 51 -36 20 -10 -89 65 -29 -11 58 -45 -63 -34 -13 17 41 42 -85 -72 90 -87 75 11 3 12 -54 -89 61 0 -97 97 23 67 -54 43 62 -5 50 4 -59 -75 32 -57 5 -98 41 28 17 89 -43 -92 61 -16 70 30 2 59 -5 48 88 -97 -12 -44 36 65 21 -3 98 -26 63 -62 22 44 97 65 -90 7 -60 -22 30 6 -12 -11 -79 59 96 -47 31 -84 -26 -76
-8 42 97 63 6 89 -64 14 -77 -87 -40 -66 -26 40 9 94 33 -91 -95 -31 6 -22 22 96 -63 39 85 -52 89 23 58 -92 91 94 -91 -47 32 4 62 15 -58 91 -71 -7 31 -98 -36 1 99 -72 -64 -37 19 -49 -13 13 54 -13 -49 -22 -15 -81 4 -32 -81 27 -54 -47 28 -96 16 51 40 89 72 -25 -87 47 8 14 -18 16 -53 -76 21 99 -12 -79 98 61 51 68 -58 35 11 67 18 41 45 -78
-81 -22 -6 -35 -84 -21 4 -62 78 57 -34 97 97 -46 96 72 -89 -37 44 -72 42 50 -78 42 60 33 61 -36 15 30 88 -87 -23 47 38 0 13 -5 -15 1 71 9 -92 -62 -57 -49 57 -39 -67 -90 22 73 -1 34 80 49 -77 6 -19 -54 -55 -81 4 43 18 -39 -97 -76 -80 69 -79 80 -24 8 14 90 -39 -88 12 70 76 -1 97 -74 99 62 88 -30 -79 7 42 31 -10 -6 98 26 6 -72 53 -95
41 28 29 86 27 -10 -17 -30 6 -95 -74 78 -55 61 -38 -83 85 75 -44 78 -6 -81 -38 31 -55 -95 -75 -98 -16 -12 -61 -97 55 -71 42 -74 -65 -15 86 -16 -53 -40 6 56 20 15 -52 4 -90 43 1 -83 -39 53 -29 88 16 -5 80 -26 71 -53 -85 -56 -9 -77 2 -97 26 -80 -88 76 -3 70 -25 73 -4 -56 -27 77 -58 -99 -76 16 -16 -47 12 -58 26 39 -55 10 70 -33 53 46 -46 -74 66 -83
-98 82 25 -85 -84 -75 -1 -72 -22 29 -3 22 90 10 70 42 -91 -15 8 -77 5 -92 74 40 58 45 -61 -39 63 80 -31 60 46 61 37 30 -59 -93 26 80 -46 13 26 -16 83 95 99 -15 55 -47 60 -38 -69 32 5 86 -70 69 0 32 -84 -39 25 91 88 -67 74 -49 -76 97 -18 -15 -77 -1 -87 -91 57 46 -20 34 94 -50 -19 -14 -71 -58 53 -28 -78 26 45 1 -77 36 -7 96 2 -56 -96 -67
-72 -60 -96 -37 25 -77 89 -68 95 45 -3 41 38 -32 98 48 66 60 -21 -22 84 64 63 71 41 69 14 91 40 32 -57 28 30 -94 76 59 88 -54 -35 -76 -40 -30 -56 -81 -20 92 -16 -2 95 40 -77 -15 81 29 20 -24 -28 -11 73 -46 -62 98 53 -46 -83 -38 96 53 -53 -5 -3 -52 -40 64 -70 42 -41 -24 -12 83 -91 -36 4 67 -79 -7 61 -91 -38 -49 66 -43 -29 -58 9 -48 25 -92 -61 -17
-85 90 87 -4 15 -68 -90 -15 93 94 -25 -54 80 -55 55 94 -42 -74 46 -71 7 7 72 38 -35 55 -36 -71 0 33 26 83 -13 17 -81 -8 -7 -60 -53 45 48 24 -78 23 64 -79 87 1 27 25 79 -44 -88 39 -53 61 24 27 -17 -12 34 61 91 53 38 -11 -50 54 38 16 23 -77 -34 34 49 15 -7 64 -42 -17 39 -13 44 -28 29 -42 -77 23 -4 10 44 95 0 77 50 -80 86 -20 -45 -38
