16 16 100
25 -62 43 -49 -37 10 -10 -31 30 36 -56 -95 -98 74 -59 -28
-54 -18 39 -6 -20 87 11 -95 -100 87 86 -61 -4 -98 92 -68
79 5 -63 73 -77 -80 0 -85 -75 40 -76 -35 -3 58 3 48
-99 -41 -91 32 50 65 25 43 54 45 46 -49 -35 45 96 -76
86 54 -38 -14 -21 -63 -64 -33 -94 26 72 -27 39 -21 -48 38
43 11 -78 0 83 -86 -52 89 -57 -12 31 -91 -28 44 -97 33
-69 -34 4 -39 68 -22 16 4 58 63 -72 82 -53 -2 16 -22
12 -65 0 59 -61 14 -8 -23 -74 13 -83 -44 -59 33 42 51
30 81 37 58 -32 82 30 15 1 71 91 17 83 39 8 -5
-18 -11 -51 -31 86 86 -72 -69 73 53 45 25 36 100 -5 37
-100 -41 83 -69 56 54 -64 58 59 4 46 -88 -3 -43 -99 -87
31 66 31 83 25 5 99 77 -31 90 16 41 29 81 28 -28
-12 32 46 35 -68 31 59 -88 86 64 -79 91 75 -52 46 44
-39 -95 -18 -57 64 -23 16 19 -72 -57 -82 -80 -94 -61 -28 -89
60 -58 95 2 26 -96 -97 40 48 97 -62 65 -82 -34 -51 -6
-96 83 1 96 -66 -31 -35 72 -22 92 86 -20 90 -2 19 14
